-0.5088617
-0.51392217
-0.51912702
-0.52447155
-0.52995566
-0.53557634
-0.54133111
-0.54721642
-0.55322911
-0.55936699
-0.56562558
-0.57200067
-0.57849004
-0.58508855
-0.59179154
-0.59859598
-0.6054954
-0.61248661
-0.61956335
-0.62672209
-0.63395513
-0.64125923
-0.64862743
-0.6560551
-0.66353674
-0.67106504
-0.67863497
-0.68624036
-0.69387502
-0.701533
-0.70920762
-0.71689294
-0.72458281
-0.73227048
-0.73995032
-0.74761574
-0.75526139
-0.76287896
-0.77046448
-0.7780108
-0.78551249
-0.79296397
-0.80035925
-0.80769288
-0.81495855
-0.82215176
-0.82926785
-0.83630193
-0.8432489
-0.85010361
-0.85686305
-0.86352234
-0.87007733
-0.87652529
-0.88286368
-0.88908669
-0.89519471
-0.90118369
-0.9070519
-0.91279717
-0.91841731
-0.92391216
-0.92928115
-0.93452131
-0.93963394
-0.944619
-0.9494763
-0.95420625
-0.95881001
-0.9632892
-0.9676435
-0.97187558
-0.97598753
-0.9799814
-0.98386016
-0.98762592
-0.99128196
-0.9948313
-0.99827697
-1.0016231
-1.0048746
-1.0080338
-1.0111058
-1.0140946
-1.0170044
-1.0198404
-1.0226077
-1.025311
-1.0279546
-1.0305437
-1.0330847
-1.0355806
-1.0380382
-1.0404616
-1.0428566
-1.0452294
-1.0475834
-1.0499247
-1.0522577
-1.0545877
-1.0569193
-1.0592588
-1.0616085
-1.0639753
-1.066362
-1.0687734
-1.0712133
-1.0736868
-1.0761966
-1.078747
-1.0813411
-1.0839817
-1.0866728
-1.0894168
-1.0922159
-1.0950723
-1.0979897
-1.1009685
-1.1040114
-1.1071185
-1.1102921
-1.1135331
-1.116841
-1.1202186
-1.1236641
-1.1271787
-1.1307615
-1.1344118
-1.1381306
-1.1419157
-1.1457647
-1.1496787
-1.1536554
-1.1576918
-1.1617886
-1.1659397
-1.1701465
-1.1744051
-1.1787132
-1.1830674
-1.1874644
-1.1919026
-1.1963775
-1.2008865
-1.2054255
-1.2099922
-1.2145813
-1.2191915
-1.2238171
-1.2284547
-1.2331011
-1.2377526
-1.2424041
-1.2470534
-1.2516961
-1.2563277
-1.2609464
-1.2655459
-1.270125
-1.2746789
-1.2792051
-1.2836985
-1.2881577
-1.2925791
-1.2969593
-1.3012953
-1.3055847
-1.3098258
-1.3140148
-1.3181498
-1.3222297
-1.3262501
-1.3302129
-1.3341141
-1.3379526
-1.3417278
-1.3454385
-1.3490841
-1.3526642
-1.3561773
-1.3596247
-1.3630061
-1.3663207
-1.3695705
-1.3727541
-1.3758748
-1.3789322
-1.3819268
-1.3848616
-1.3877365
-1.3905542
-1.3933164
-1.3960251
-1.3986819
-1.4012884
-1.4038498
-1.4063655
-1.4088392
-1.4112746
-1.4136731
-1.4160375
-1.4183711
-1.4206776
-1.4229591
-1.4252183
-1.4274597
-1.4296851
-1.431898
-1.4341016
-1.4362986
-1.4384924
-1.440686
-1.4428818
-1.4450829
-1.4472931
-1.4495128
-1.4517473
-1.4539987
-1.4562676
-1.4585574
-1.460872
-1.4632107
-1.4655765
-1.4679729
-1.4703994
-1.4728585
-1.4753515
-1.4778806
-1.4804458
-1.4830483
-1.485689
-1.4883685
-1.4910874
-1.4938467
-1.4966447
-1.4994837
-1.5023617
-1.5052792
-1.5082357
-1.5112304
-1.5142631
-1.5173321
-1.5204363
-1.523575
-1.5267465
-1.5299501
-1.5331832
-1.5364444
-1.5397314
-1.5430438
-1.5463779
-1.5497327
-1.5531053
-1.5564935
-1.5598952
-1.5633084
-1.5667305
-1.5701575
-1.5735888
-1.5770222
-1.580453
-1.5838808
-1.5873013
-1.5907134
-1.5941145
-1.5975013
-1.600872
-1.6042247
-1.6075564
-1.6108646
-1.6141486
-1.6174057
-1.6206331
-1.6238299
-1.6269948
-1.6301253
-1.6332205
-1.6362791
-1.6392989
-1.6422803
-1.6452222
-1.6481226
-1.6509831
-1.6538007
-1.6565765
-1.6593109
-1.6620035
-1.6646542
-1.6672633
-1.6698325
-1.6723611
-1.674851
-1.6773027
-1.6797173
-1.6820967
-1.6844421
-1.686754
-1.689037
-1.691291
-1.6935181
-1.6957208
-1.6979029
-1.700064
-1.7022083
-1.7043384
-1.7064565
-1.7085669
-1.7106698
-1.7127702
-1.7148707
-1.7169738
-1.7190839
-1.721203
-1.723333
-1.7254798
-1.7276442
-1.7298311
-1.7320421
-1.7342814
-1.7365513
-1.7388562
-1.7411969
-1.7435779
-1.7460008
-1.748469
-1.7509849
-1.7535516
-1.7561722
-1.7588468
-1.7615787
-1.7643699
-1.7672222
-1.7701384
-1.7731191
-1.7761659
-1.7792809
-1.7824646
-1.7857185
-1.7890424
-1.7924392
-1.7959076
-1.7994479
-1.8030616
-1.806748
-1.8105074
-1.8143388
-1.8182429
-1.8222181
-1.8262642
-1.83038
-1.8345653
-1.8388179
-1.8431366
-1.8475211
-1.851968
-1.8564769
-1.8610454
-1.8656715
-1.8703541
-1.8750905
-1.8798775
-1.8847139
-1.889598
-1.8945258
-1.8994959
-1.9045061
-1.9095522
-1.9146329
-1.9197465
-1.9248896
-1.9300595
-1.9352541
-1.9404712
-1.9457079
-1.9509621
-1.9562323
-1.9615155
-1.9668101
-1.9721153
-1.9774276
-1.9827461
-1.98807
-1.9933968
-1.9987275
-2.0040587
-2.0093915
-2.0147249
-2.0200577
-2.0253906
-2.0307241
-2.0360588
-2.0413945
-2.0467326
-2.0520743
-2.0574212
-2.0627735
-2.0681355
-2.0735077
-2.0788935
-2.0842954
-2.0897167
-2.0951596
-2.1006302
-2.1061299
-2.1116644
-2.117237
-2.1228536
-2.1285185
-2.1342375
-2.1400159
-2.1458595
-2.1517739
-2.1577659
-2.1638414
-2.1700088
-2.1762726
-2.1826419
-2.1891226
-2.1957229
-2.2024512
-2.2093142
-2.21632
-2.2234777
-2.2307952
-2.2382803
-2.2459422
-2.2537903
-2.2618308
-2.2700756
-2.2785308
-2.2872066
-2.2961114
-2.3052558
-2.3146463
-2.3242927
-2.3342048
-2.3443906
-2.3548586
-2.3656187
-2.3766785
-2.3880469
-2.3997334
-2.4117447
-2.4240902
-2.4367782
-2.4498157
-2.4632118
-2.4769736
-2.491108
-2.5056234
-2.520527
-2.535825
-2.5515241
-2.5676319
-2.5841538
-2.6010958
-2.6184642
-2.6362638
-2.6545007
-2.6731794
-2.6923048
-2.7118813
-2.7319137
-2.7524053
-2.7733588
-2.7947791
-2.8166678
-2.8390278
-2.8618624
-2.8851719
-2.9089601
-2.9332259
-2.9579722
-2.9831982
-3.008904
-3.0350908
-3.0617574
-3.0889028
-3.1165261
-3.1446257
-3.1732001
-3.2022459
-3.2317605
-3.2617417
-3.2921863
-3.3230902
-3.3544478
-3.3862562
-3.4185099
-3.4512043
-3.4843321
-3.5178893
-3.551867
-3.5862617
-3.6210632
-3.6562655
-3.6918609
-3.7278404
-3.764195
-3.800917
-3.8379966
-3.875424
-3.9131878
-3.9512806
-3.9896901
-4.0284053
-4.0674144
-4.1067069
-4.1462705
-4.1860915
-4.2261593
-4.2664602
-4.3069825
-4.3477098
-4.3886299
-4.42973
-4.4709948
-4.5124106
-4.5539613
-4.5956337
-4.6374104
-4.6792781
-4.7212211
-4.7632245
-4.8052694
-4.8473415
-4.8894253
-4.9315036
-4.9735595
-5.0155763
-5.0575383
-5.099428
-5.1412272
-5.1829194
-5.2244882
-5.265915
-5.3071844
-5.3482749
-5.3891715
-5.4298563
-5.4703114
-5.5105182
-5.5504584
-5.590116
-5.6294701
-5.6685057
-5.7072011
-5.7455397
-5.7835028
-5.8210732
-5.8582304
-5.8949573
-5.9312348
-5.9670437
-6.0023654
-6.0371804
-6.0714718
-6.1052187
-6.1384033
-6.1710054
-6.2030065
-6.2343866
-6.2651268
-6.2952081
-6.3246099
-6.3533144
-6.3813008
-6.4085494
-6.435041
-6.4607561
-6.4856744
-6.5097771
-6.533044
-6.555455
-6.576992
-6.5976348
-6.6173642
-6.6361609
-6.6540061
-6.6708802
-6.6867665
-6.7016447
-6.7154978
-6.7283081
-6.7400584
-6.750732
-6.7603127
-6.7687844
-6.776132
-6.7823406
-6.7873978
-6.791289
-6.794002
-6.7955257
-6.7958493
-6.7949628
-6.7928574
-6.7895262
-6.7849618
-6.7791585
-6.7721126
-6.7638202
-6.7542798
-6.7434904
-6.7314528
-6.7181683
-6.7036409
-6.6878749
-6.6708751
-6.6526498
-6.6332075
-6.6125574
-6.5907114
-6.5676819
-6.5434827
-6.5181287
-6.4916374
-6.4640252
-6.4353116
-6.4055164
-6.3746605
-6.3427668
-6.3098566
-6.2759563
-6.2410906
-6.2052833
-6.168564
-6.1309578
-6.0924938
-6.0532006
-6.0131054
-5.9722411
-5.9306353
-5.8883193
-5.8453236
-5.8016795
-5.7574162
-5.7125662
-5.6671596
-5.6212297
-5.5748051
-5.5279182
-5.4805978
-5.4328755
-5.3847823
-5.3363458
-5.287597
-5.2385646
-5.1892773
-5.1397625
-5.0900502
-5.0401641
-4.9901329
-4.9399829
-4.889738
-4.8394227
-4.7890643
-4.7386829
-4.688303
-4.6379462
-4.5876342
-4.5373881
-4.4872278
-4.4371728
-4.3872426
-4.3374542
-4.2878264
-4.2383742
-4.1891152
-4.140065
-4.0912372
-4.0426469
-3.9943077
-3.9462306
-3.898431
-3.8509174
-3.8037046
-3.7567991
-3.7102125
-3.6639548
-3.6180346
-3.5724597
-3.5272377
-3.4823759
-3.4378824
-3.3937601
-3.3500188
-3.3066619
-3.2636947
-3.22112
-3.178945
-3.1371708
-3.0958019
-3.0548413
-3.0142905
-2.9741531
-2.9344299
-2.8951236
-2.8562354
-2.8177646
-2.7797146
-2.7420836
-2.7048735
-2.6680835
-2.6317135
-2.5957626
-2.5602316
-2.5251181
-2.4904217
-2.4561424
-2.4222765
-2.3888251
-2.3557853
-2.3231548
-2.2909329
-2.259117
-2.2277057
-2.1966954
-2.1660859
-2.1358734
-2.1060561
-2.0766317
-2.0475974
-2.018951
-1.9906896
-1.9628099
-1.9353106
-1.9081885
-1.8814409
-1.8550645
-1.8290578
-1.8034172
-1.77814
-1.7532233
-1.7286654
-1.7044625
-1.680612
-1.657112
-1.6339592
-1.6111504
-1.5886838
-1.5665562
-1.5447654
-1.5233079
-1.5021831
-1.4813858
-1.4609152
-1.4407683
-1.420942
-1.4014351
-1.3822447
-1.3633672
-1.3448005
-1.326543
-1.3085917
-1.2909447
-1.2735979
-1.2565514
-1.2398006
-1.2233437
-1.207179
-1.1913034
-1.1757148
-1.16041
-1.1453877
-1.1306439
-1.1161774
-1.1019857
-1.088065
-1.0744144
-1.0610302
-1.0479102
-1.035051
-1.0224515
-1.0101072
-0.99801605
-0.98617605
-0.97458331
-0.96323515
-0.95212964
-0.94126189
-0.93063097
-0.92023227
-0.91006264
-0.90012053
-0.89040149
-0.88090213
-0.87161957
-0.86255036
-0.85369108
-0.84503858
-0.836588
-0.82833817
-0.82028308
-0.81242028
-0.80474632
-0.79725681
-0.78994872
-0.78281743
-0.77585851
-0.76907087
-0.76244755
-0.75598598
-0.74968278
-0.74353282
-0.7375333
-0.73167963
-0.72596777
-0.72039415
-0.71495413
-0.70964458
-0.70446162
-0.69940032
-0.69445766
-0.68963004
-0.68491322
-0.68030338
-0.6757973
-0.67139107
-0.66708109
-0.66286419
-0.65873623
-0.65469446
-0.65073486
-0.64685614
-0.64305277
-0.63932382
-0.63566435
-0.63207347
-0.62854728
-0.62508459
-0.62168106
-0.61833588
-0.61504665
-0.6118107
-0.60862656
-0.60549282
-0.60240747
-0.59936824
-0.59637481
-0.59342575
-0.59051982
-0.58765656
-0.58483482
-0.58205378
-0.57931232
-0.57661119
-0.57394962
-0.57132856
-0.5687463
-0.56620412
-0.5637024
-0.561241
-0.55881989
-0.55644074
-0.5541044
-0.55181135
-0.54956225
-0.54735859
-0.54520115
-0.54309089
-0.54103018
-0.53901956
-0.53705999
-0.53515419
-0.53330253
-0.53150693
-0.52976853
-0.52808992
-0.5264714
-0.5249155
-0.52342364
-0.52199636
-0.52063577
-0.51934404
-0.51812251
-0.51697203
-0.51589319
-0.51488832
-0.51395918
-0.51310533
-0.51232868
-0.51162998
-0.5110104
-0.51047024
-0.51000921
-0.50962946
-0.50933084
-0.50911274
-0.50897582
-0.50891974
-0.50894507
-0.50905096
-0.50923621
-0.50950103
-0.50984428
-0.51026369
-0.51076126
-0.51133278
-0.51197665
-0.51269391
-0.51348089
-0.51433533
-0.51525617
-0.51624037
-0.51728634
-0.518391
-0.51955115
-0.52076515
-0.52202837
-0.52333992
-0.52469545
-0.52609126
-0.52752459
-0.52899277
-0.53048993
-0.53201505
-0.53356258
-0.53512926
-0.53671207
-0.53830692
-0.53990977
-0.54151716
-0.54312475
-0.54472867
-0.54632577
-0.54791269
-0.5494844
-0.55103881
-0.55257178
-0.55408016
-0.55556013
-0.55700829
-0.55842303
-0.55980004
-0.56113741
-0.56243222
-0.56368207
-0.56488547
-0.56603937
-0.56714242
-0.56819268
-0.56918948
-0.57013112
-0.57101684
-0.5718456
-0.57261792
-0.5733328
-0.57399093
-0.5745917
-0.57513667
-0.57562652
-0.57606195
-0.57644449
-0.57677565
-0.57705761
-0.57729236
-0.57748189
-0.57762906
-0.57773726
-0.57780938
-0.57784744
-0.57785546
-0.57783806
-0.57779828
-0.57774062
-0.57766831
-0.57758651
-0.57749915
-0.57741075
-0.5773267
-0.57725105
-0.57718785
-0.57714367
-0.57712187
-0.57712855
-0.57716698
-0.57724458
-0.57736351
-0.57753024
-0.57774858
-0.5780237
-0.57836006
-0.57876204
-0.57923313
-0.57977798
-0.58040075
-0.58110471
-0.58189433
-0.58277105
-0.5837391
-0.58480126
-0.58595939
-0.58721692
-0.58857454
-0.59003326
-0.59159715
-0.59326427
-0.59503665
-0.59691399
-0.5988959
