-1.18
-1.16
-1.16
-1.16
-1.16
-1.17
-1.18
-1.18
-1.18
-1.20
-1.19
-1.22
-1.22
-1.23
-1.25
-1.26
-1.26
-1.27
-1.26
-1.30
-1.27
-1.24
-1.22
-1.24
-1.23
-1.22
-1.22
-1.22
-1.22
-1.22
-1.22
-1.24
-1.27
-1.25
-1.25
-1.27
-1.28
-1.30
-1.30
-1.31
-1.32
-1.34
-1.34
-1.33
-1.34
-1.36
-1.35
-1.34
-1.34
-1.34
-1.35
-1.36
-1.35
-1.37
-1.37
-1.39
-1.39
-1.40
-1.43
-1.44
-1.47
-1.47
-1.49
-1.51
-1.53
-1.54
-1.55
-1.55
-1.56
-1.56
-1.56
-1.57
-1.57
-1.59
-1.57
-1.60
-1.59
-1.58
-1.61
-1.62
-1.63
-1.65
-1.67
-1.65
-1.66
-1.69
-1.71
-1.73
-1.75
-1.77
-1.78
-1.80
-1.83
-1.82
-1.82
-1.84
-1.82
-1.89
-1.88
-1.89
-1.91
-1.92
-1.95
-1.96
-1.97
-1.98
-2.03
-2.03
-2.06
-2.09
-2.13
-2.16
-2.18
-2.21
-2.21
-2.29
-2.31
-2.35
-2.37
-2.41
-2.45
-2.46
-2.45
-2.47
-2.54
-2.58
-2.58
-2.63
-2.66
-2.69
-2.71
-2.75
-2.78
-2.83
-2.88
-2.93
-2.98
-3.02
-3.10
-3.15
-3.21
-3.24
-3.29
-3.34
-3.38
-3.43
-3.47
-3.51
-3.57
-3.61
-3.66
-3.69
-3.71
-3.77
-3.83
-3.89
-3.95
-4.02
-4.07
-4.14
-4.21
-4.28
-4.37
-4.45
-4.50
-4.58
-4.67
-4.71
-4.74
-4.80
-4.84
-4.91
-4.95
-5.01
-5.07
-5.13
-5.17
-5.23
-5.32
-5.47
-5.52
-5.62
-5.71
-5.84
-5.92
-6.01
-6.10
-6.20
-6.28
-6.39
-6.47
-6.55
-6.66
-6.76
-6.84
-6.88
-6.92
-7.00
-7.05
-7.11
-7.16
-7.27
-7.40
-7.45
-7.56
-7.64
-7.71
-7.87
-7.98
-8.09
-8.17
-8.33
-8.48
-8.63
-8.77
-8.89
-9.01
-9.08
-9.17
-9.25
-9.33
-9.43
-9.53
-9.63
-9.72
-9.78
-9.81
-9.87
-10.00
-10.15
-10.33
-10.50
-10.67
-10.80
-10.97
-11.07
-11.15
-11.28
-11.35
-11.55
-11.78
-11.91
-11.98
-12.05
-12.08
-12.09
-12.15
-12.26
-12.38
-12.42
-12.49
-12.52
-12.46
-12.40
-12.41
-12.47
-12.58
-12.83
-12.95
-13.09
-13.15
-13.14
-13.23
-13.38
-13.65
-13.89
-14.00
-14.00
-13.95
-13.98
-13.99
-14.02
-14.09
-14.12
-14.15
-14.19
-14.23
-14.23
-14.14
-14.08
-14.03
-14.05
-14.06
-14.16
-14.23
-14.35
-14.35
-14.34
-14.31
-14.32
-14.38
-14.45
-14.58
-14.69
-14.75
-14.71
-14.56
-14.43
-14.36
-14.39
-14.29
-14.24
-14.11
-14.03
-13.96
-13.83
-13.79
-13.79
-13.83
-13.82
-13.84
-13.88
-13.96
-14.00
-14.05
-14.11
-14.16
-14.21
-14.19
-14.21
-14.26
-14.19
-14.18
-14.11
-14.05
-13.98
-13.90
-13.83
-13.81
-13.83
-13.84
-13.90
-13.88
-13.81
-13.78
-13.80
-13.87
-13.93
-14.03
-14.15
-14.13
-14.18
-14.27
-14.34
-14.22
-14.30
-14.31
-14.36
-14.33
-14.26
-14.21
-14.12
-14.04
-13.99
-14.00
-14.01
-14.03
-14.06
-14.18
-14.22
-14.27
-14.34
-14.39
-14.56
-14.74
-14.93
-15.10
-15.28
-15.41
-15.59
-15.65
-15.85
-15.88
-16.04
-16.22
-16.37
-16.44
-16.48
-16.47
-16.60
-16.76
-16.84
-17.02
-17.23
-17.48
-17.70
-17.96
-18.24
-18.26
-18.49
-18.58
-18.55
-18.55
-18.57
-18.51
-18.37
-17.94
-17.74
-17.61
-17.40
-17.17
-16.96
-16.76
-16.57
-16.47
-16.31
-16.19
-16.15
-16.10
-16.21
-16.29
-16.36
-16.34
-16.38
-16.29
-16.35
-16.52
-16.68
-16.89
-17.06
-17.27
-17.40
-17.42
-17.35
-17.45
-17.50
-17.57
-17.71
-17.86
-17.94
-18.03
-18.09
-18.15
-18.25
-18.45
-18.49
-18.56
-18.65
-18.91
-19.22
-19.60
-19.70
-19.67
-19.81
-19.92
-19.84
-19.85
-20.09
-19.97
-19.91
-19.77
-19.77
-19.74
-19.64
-19.48
-19.22
-19.00
-18.83
-18.75
-18.66
-18.64
-18.60
-18.66
-18.63
-18.59
-18.52
-18.66
-18.75
-18.71
-18.84
-18.84
-18.84
-18.79
-18.67
-18.49
-18.59
-18.45
-18.46
-18.43
-18.49
-18.47
-18.46
-18.42
-18.37
-18.41
-18.37
-18.25
-18.24
-18.33
-18.39
-18.39
-18.45
-18.62
-18.73
-18.79
-19.09
-19.20
-19.36
-19.46
-19.47
-19.46
-19.29
-19.34
-19.37
-19.21
-19.06
-18.81
-18.75
-18.89
-18.89
-18.78
-18.75
-18.79
-18.77
-18.75
-18.73
-18.81
-18.93
-19.00
-19.23
-19.49
-19.36
-19.44
-19.41
-19.45
-19.45
-19.43
-19.31
-19.39
-19.14
-18.86
-18.75
-18.59
-18.41
-18.51
-18.44
-18.44
-18.35
-18.22
-18.05
-17.85
-17.79
-17.77
-17.72
-17.84
-17.83
-17.84
-17.82
-17.76
-17.73
-17.61
-17.41
-17.29
-17.10
-16.94
-16.85
-16.76
-16.56
-16.44
-16.29
-16.14
-16.07
-15.95
-15.91
-15.70
-15.52
-15.45
-15.46
-15.40
-15.38
-15.35
-15.27
-15.23
-15.21
-15.06
-15.01
-14.84
-14.73
-14.56
-14.49
-14.35
-14.24
-14.13
-13.91
-13.79
-13.58
-13.52
-13.40
-13.26
-13.15
-13.03
-12.98
-12.93
-12.85
-12.76
-12.64
-12.57
-12.54
-12.50
-12.41
-12.33
-12.22
-12.11
-11.95
-11.82
-11.67
-11.59
-11.53
-11.43
-11.28
-11.16
-11.09
-11.01
-10.89
-10.84
-10.76
-10.69
-10.62
-10.56
-10.54
-10.52
-10.42
-10.35
-10.27
-10.22
-10.18
-10.13
-10.12
-10.06
-9.94
-9.88
-9.83
-9.74
-9.67
-9.57
-9.49
-9.39
-9.30
-9.25
-9.18
-9.06
-9.03
-8.98
-8.94
-8.91
-8.90
-8.87
-8.82
-8.79
-8.78
-8.76
-8.73
-8.66
-8.62
-8.56
-8.49
-8.43
-8.35
-8.28
-8.21
-8.12
-8.08
-8.03
-7.96
-7.91
-7.86
-7.86
-7.86
-7.81
-7.79
-7.74
-7.75
-7.76
-7.79
-7.72
-7.75
-7.68
-7.66
-7.63
-7.58
-7.60
-7.50
-7.45
-7.35
-7.29
-7.22
-7.17
-7.12
-7.10
-7.06
-7.06
-7.05
-7.02
-6.97
-7.00
-6.95
-6.98
-6.93
-6.92
-6.88
-6.87
-6.84
-6.82
-6.77
-6.73
-6.66
-6.61
-6.57
-6.50
-6.45
-6.40
-6.37
-6.31
-6.27
-6.28
-6.24
-6.22
-6.21
-6.25
-6.22
-6.19
-6.18
-6.15
-6.14
-6.17
-6.06
-6.07
-6.06
-6.05
-6.02
-5.99
-5.94
-5.90
-5.86
-5.80
-5.77
-5.77
-5.75
-5.74
-5.72
-5.67
-5.67
-5.72
-5.69
-5.69
-5.70
-5.64
-5.65
-5.65
-5.64
-5.62
-5.58
-5.56
-5.54
-5.51
-5.48
-5.44
-5.41
-5.38
-5.39
-5.29
-5.25
-5.17
-5.20
-5.21
-5.23
-5.18
-5.11
-5.12
-5.14
-5.12
-5.08
-5.07
-5.05
-5.01
-4.98
-4.97
-4.95
-4.90
-4.86
-4.85
-4.84
-4.81
-4.78
-4.68
-4.65
-4.59
-4.61
-4.57
-4.53
-4.49
-4.49
-4.48
-4.47
-4.46
-4.45
-4.44
-4.44
-4.41
-4.41
-4.41
