-2.45
-2.44
-2.46
-2.48
-2.50
-2.51
-2.53
-2.57
-2.58
-2.61
-2.64
-2.65
-2.66
-2.67
-2.68
-2.69
-2.71
-2.74
-2.74
-2.81
-2.73
-2.73
-2.73
-2.71
-2.70
-2.70
-2.71
-2.72
-2.69
-2.69
-2.69
-2.69
-2.72
-2.71
-2.72
-2.74
-2.74
-2.77
-2.78
-2.81
-2.83
-2.85
-2.87
-2.90
-2.90
-2.91
-2.91
-2.92
-2.93
-2.95
-2.96
-2.98
-2.99
-2.99
-2.98
-2.98
-3.00
-3.02
-3.04
-3.08
-3.12
-3.13
-3.13
-3.15
-3.19
-3.17
-3.19
-3.22
-3.20
-3.19
-3.18
-3.18
-3.18
-3.16
-3.13
-3.14
-3.13
-3.12
-3.13
-3.15
-3.17
-3.19
-3.23
-3.21
-3.22
-3.21
-3.25
-3.27
-3.30
-3.33
-3.37
-3.38
-3.40
-3.38
-3.38
-3.39
-3.41
-3.43
-3.43
-3.44
-3.45
-3.45
-3.45
-3.46
-3.45
-3.48
-3.48
-3.49
-3.50
-3.50
-3.53
-3.53
-3.54
-3.57
-3.60
-3.62
-3.61
-3.65
-3.64
-3.65
-3.67
-3.62
-3.62
-3.58
-3.64
-3.63
-3.61
-3.64
-3.62
-3.59
-3.61
-3.62
-3.63
-3.63
-3.66
-3.67
-3.71
-3.71
-3.71
-3.76
-3.79
-3.79
-3.81
-3.83
-3.84
-3.86
-3.88
-3.90
-3.89
-3.88
-3.84
-3.89
-3.85
-3.86
-3.86
-3.88
-3.88
-3.88
-3.89
-3.90
-3.92
-3.92
-3.96
-3.98
-3.99
-4.02
-4.07
-4.10
-4.05
-4.12
-4.13
-4.11
-4.13
-4.11
-4.12
-4.11
-4.13
-4.12
-4.12
-4.19
-4.16
-4.18
-4.16
-4.21
-4.22
-4.23
-4.26
-4.28
-4.34
-4.37
-4.37
-4.40
-4.43
-4.44
-4.45
-4.45
-4.45
-4.46
-4.46
-4.45
-4.42
-4.45
-4.45
-4.42
-4.44
-4.45
-4.48
-4.50
-4.50
-4.55
-4.60
-4.61
-4.64
-4.63
-4.69
-4.71
-4.71
-4.73
-4.73
-4.75
-4.75
-4.76
-4.77
-4.75
-4.76
-4.74
-4.72
-4.70
-4.68
-4.67
-4.71
-4.70
-4.76
-4.75
-4.74
-4.74
-4.71
-4.72
-4.74
-4.80
-4.83
-4.84
-4.83
-4.83
-4.85
-4.86
-4.87
-4.88
-4.89
-4.89
-4.88
-4.88
-4.85
-4.85
-4.88
-4.89
-4.92
-4.92
-4.92
-4.95
-4.94
-4.99
-5.02
-5.07
-5.10
-5.12
-5.14
-5.16
-5.17
-5.20
-5.21
-5.22
-5.24
-5.20
-5.21
-5.17
-5.20
-5.21
-5.24
-5.16
-5.19
-5.24
-5.26
-5.26
-5.30
-5.35
-5.40
-5.45
-5.47
-5.48
-5.50
-5.53
-5.59
-5.60
-5.62
-5.63
-5.66
-5.69
-5.67
-5.70
-5.71
-5.69
-5.71
-5.73
-5.75
-5.76
-5.78
-5.80
-5.85
-5.92
-5.96
-6.00
-6.06
-6.13
-6.16
-6.22
-6.28
-6.31
-6.31
-6.32
-6.36
-6.38
-6.40
-6.40
-6.40
-6.43
-6.39
-6.38
-6.39
-6.40
-6.40
-6.45
-6.49
-6.50
-6.51
-6.55
-6.62
-6.67
-6.71
-6.76
-6.75
-6.82
-6.86
-6.91
-6.98
-6.94
-6.96
-6.97
-6.93
-6.90
-6.92
-6.96
-6.98
-6.99
-7.00
-7.02
-7.06
-7.08
-7.12
-7.18
-7.25
-7.30
-7.38
-7.43
-7.48
-7.54
-7.60
-7.57
-7.61
-7.64
-7.65
-7.67
-7.69
-7.71
-7.73
-7.75
-7.78
-7.80
-7.83
-7.90
-7.95
-7.98
-8.02
-8.07
-8.19
-8.27
-8.37
-8.43
-8.55
-8.64
-8.74
-8.75
-8.77
-8.87
-8.92
-8.95
-8.94
-8.93
-8.96
-8.98
-9.02
-9.09
-9.10
-9.14
-9.18
-9.26
-9.34
-9.41
-9.50
-9.62
-9.65
-9.75
-9.84
-9.88
-9.93
-9.95
-9.99
-10.01
-10.01
-10.03
-10.10
-10.09
-10.13
-10.14
-10.16
-10.19
-10.17
-10.21
-10.26
-10.28
-10.41
-10.51
-10.67
-10.78
-10.92
-11.01
-11.12
-11.21
-11.32
-11.42
-11.58
-11.71
-11.81
-11.93
-11.97
-12.13
-12.14
-12.14
-12.32
-12.43
-12.58
-12.65
-12.72
-12.86
-13.00
-13.15
-13.35
-13.55
-13.73
-13.87
-13.98
-14.17
-14.31
-14.36
-14.44
-14.43
-14.30
-14.28
-14.19
-14.06
-13.94
-13.88
-13.81
-13.78
-13.70
-13.57
-13.51
-13.42
-13.37
-13.36
-13.36
-13.41
-13.45
-13.51
-13.59
-13.66
-13.65
-13.72
-13.75
-13.84
-13.88
-13.73
-13.71
-13.67
-13.59
-13.49
-13.43
-13.39
-13.28
-13.19
-13.13
-13.08
-13.05
-13.03
-12.99
-13.02
-13.03
-13.12
-13.11
-13.16
-13.05
-13.02
-13.06
-13.05
-13.01
-13.01
-12.84
-12.70
-12.58
-12.43
-12.31
-12.21
-12.10
-11.98
-11.89
-11.80
-11.80
-11.77
-11.77
-11.76
-11.85
-11.72
-11.84
-11.80
-11.82
-11.75
-11.71
-11.67
-11.58
-11.53
-11.46
-11.40
-11.34
-11.23
-11.13
-11.00
-10.95
-10.83
-10.78
-10.75
-10.70
-10.77
-10.73
-10.78
-10.73
-10.72
-10.67
-10.66
-10.69
-10.64
-10.63
-10.55
-10.51
-10.44
-10.38
-10.29
-10.24
-10.09
-10.01
-9.91
-9.83
-9.79
-9.70
-9.65
-9.58
-9.52
-9.49
-9.45
-9.36
-9.30
-9.24
-9.18
-9.12
-9.05
-8.98
-8.89
-8.79
-8.72
-8.63
-8.52
-8.42
-8.33
-8.27
-8.21
-8.15
-8.06
-7.99
-7.95
-7.88
-7.81
-7.75
-7.71
-7.65
-7.63
-7.59
-7.56
-7.50
-7.45
-7.40
-7.33
-7.28
-7.18
-7.11
-7.01
-6.98
-6.92
-6.86
-6.80
-6.71
-6.70
-6.64
-6.59
-6.53
-6.51
-6.46
-6.41
-6.36
-6.33
-6.28
-6.23
-6.18
-6.13
-6.06
-5.97
-5.89
-5.85
-5.76
-5.70
-5.63
-5.56
-5.47
-5.40
-5.35
-5.29
-5.24
-5.20
-5.17
-5.14
-5.10
-5.06
-5.06
-4.99
-4.97
-4.89
-4.88
-4.83
-4.76
-4.71
-4.67
-4.65
-4.54
-4.52
-4.46
-4.40
-4.36
-4.32
-4.29
-4.24
-4.21
-4.18
-4.14
-4.12
-4.13
-4.08
-4.05
-4.03
-3.99
-3.96
-3.93
-3.92
-3.91
-3.87
-3.82
-3.76
-3.71
-3.67
-3.62
-3.57
-3.56
-3.52
-3.47
-3.46
-3.46
-3.38
-3.36
-3.34
-3.33
-3.32
-3.27
-3.29
-3.26
-3.22
-3.23
-3.16
-3.15
-3.12
-3.11
-3.10
-3.06
-3.01
-2.97
-2.94
-2.92
-2.89
-2.87
-2.85
-2.83
-2.82
-2.79
-2.78
-2.72
-2.73
-2.73
-2.73
-2.71
-2.69
-2.68
-2.65
-2.61
-2.62
-2.61
-2.58
-2.55
-2.50
-2.49
-2.47
-2.47
-2.47
-2.44
-2.35
-2.34
-2.32
-2.35
-2.35
-2.32
-2.33
-2.31
-2.33
-2.29
-2.27
-2.28
-2.25
-2.22
-2.21
-2.20
-2.16
-2.14
-2.12
-2.10
-2.10
-2.03
-2.01
-1.98
-1.98
-2.01
-2.02
-1.98
-1.96
-1.94
-1.94
-1.94
-1.94
-1.93
-1.91
-1.89
-1.87
-1.90
-1.89
-1.85
-1.82
-1.82
-1.83
-1.80
-1.80
-1.74
-1.71
-1.70
-1.70
-1.70
-1.71
-1.70
-1.68
-1.68
-1.67
-1.67
-1.66
-1.65
-1.67
-1.65
-1.67
-1.65
