-0.98
-0.97
-0.95
-0.94
-0.96
-0.96
-0.96
-0.97
-0.97
-0.98
-0.98
-1.00
-0.99
-1.00
-1.01
-1.03
-1.02
-1.04
-1.02
-1.07
-1.01
-1.00
-0.99
-0.99
-0.98
-0.97
-0.97
-0.98
-0.97
-0.98
-0.96
-0.99
-0.98
-0.98
-0.97
-0.99
-1.00
-1.00
-1.01
-1.01
-1.02
-1.04
-1.04
-1.05
-1.05
-1.05
-1.05
-1.04
-1.03
-1.03
-1.04
-1.05
-1.04
-1.04
-1.05
-1.04
-1.06
-1.07
-1.08
-1.11
-1.11
-1.12
-1.12
-1.15
-1.16
-1.17
-1.18
-1.21
-1.20
-1.20
-1.20
-1.20
-1.20
-1.21
-1.19
-1.22
-1.26
-1.26
-1.26
-1.26
-1.27
-1.30
-1.31
-1.32
-1.32
-1.34
-1.37
-1.39
-1.40
-1.41
-1.43
-1.45
-1.45
-1.46
-1.50
-1.50
-1.49
-1.51
-1.54
-1.56
-1.59
-1.61
-1.62
-1.61
-1.63
-1.66
-1.69
-1.72
-1.74
-1.76
-1.79
-1.83
-1.86
-1.88
-1.91
-1.93
-1.98
-2.01
-2.02
-2.05
-2.10
-2.13
-2.10
-2.12
-2.20
-2.24
-2.23
-2.28
-2.32
-2.33
-2.37
-2.43
-2.47
-2.51
-2.56
-2.62
-2.66
-2.74
-2.80
-2.80
-2.91
-2.95
-3.00
-3.04
-3.10
-3.10
-3.15
-3.20
-3.27
-3.30
-3.31
-3.39
-3.41
-3.46
-3.50
-3.58
-3.60
-3.66
-3.71
-3.80
-3.88
-3.93
-3.99
-4.07
-4.14
-4.20
-4.28
-4.34
-4.40
-4.46
-4.51
-4.58
-4.64
-4.69
-4.73
-4.79
-4.86
-4.93
-5.01
-5.16
-5.20
-5.30
-5.34
-5.44
-5.52
-5.63
-5.78
-5.84
-5.93
-6.00
-6.08
-6.16
-6.26
-6.35
-6.38
-6.43
-6.46
-6.50
-6.55
-6.60
-6.64
-6.73
-6.79
-6.86
-6.93
-6.98
-7.06
-7.18
-7.29
-7.33
-7.41
-7.51
-7.59
-7.71
-7.76
-7.86
-7.95
-8.03
-8.08
-8.13
-8.16
-8.19
-8.21
-8.26
-8.36
-8.43
-8.44
-8.50
-8.56
-8.63
-8.73
-8.79
-8.89
-8.95
-9.11
-9.21
-9.26
-9.30
-9.33
-9.48
-9.65
-9.75
-9.80
-9.84
-9.86
-9.87
-9.88
-9.88
-9.91
-9.95
-9.99
-10.00
-10.00
-9.90
-9.90
-9.95
-10.04
-10.14
-10.25
-10.32
-10.33
-10.39
-10.48
-10.57
-10.71
-10.85
-10.94
-10.98
-11.04
-11.08
-11.09
-11.10
-11.13
-11.17
-11.22
-11.25
-11.33
-11.35
-11.37
-11.39
-11.44
-11.50
-11.56
-11.64
-11.71
-11.79
-11.89
-11.99
-12.02
-12.04
-12.07
-12.13
-12.21
-12.26
-12.31
-12.29
-12.31
-12.21
-12.08
-12.06
-12.03
-11.99
-11.92
-11.91
-11.83
-11.77
-11.72
-11.70
-11.72
-11.75
-11.81
-11.83
-11.87
-11.93
-12.02
-12.15
-12.23
-12.32
-12.29
-12.25
-12.28
-12.32
-12.34
-12.45
-12.39
-12.35
-12.29
-12.22
-12.23
-12.27
-12.32
-12.50
-12.61
-12.62
-12.60
-12.71
-12.82
-12.92
-13.04
-13.10
-13.13
-13.19
-13.19
-13.24
-13.27
-13.21
-13.23
-13.30
-13.16
-13.12
-13.11
-13.12
-13.15
-13.17
-13.23
-13.33
-13.42
-13.59
-13.72
-13.91
-14.10
-14.26
-14.48
-14.75
-14.99
-15.35
-15.56
-15.87
-16.12
-16.38
-16.65
-16.84
-16.98
-17.03
-17.18
-17.49
-17.62
-17.77
-17.92
-18.09
-18.27
-18.36
-18.20
-18.45
-18.63
-18.69
-18.89
-18.94
-19.07
-19.19
-19.41
-19.20
-19.12
-19.10
-19.11
-19.07
-18.91
-18.71
-18.65
-18.62
-18.60
-18.54
-18.44
-18.39
-18.44
-18.59
-18.71
-18.74
-18.94
-19.18
-19.40
-19.65
-20.01
-20.24
-20.43
-20.60
-20.89
-21.09
-21.34
-21.49
-21.94
-22.30
-22.61
-22.78
-23.00
-23.58
-23.61
-24.13
-24.59
-25.22
-25.77
-26.51
-27.45
-28.58
-29.31
-30.38
-30.71
-31.63
-31.89
-32.98
-34.16
-35.08
-35.31
-35.80
-36.38
-35.96
-35.87
-35.85
-35.95
-35.45
-34.58
-34.01
-33.76
-33.18
-32.49
-32.49
-32.10
-31.29
-30.67
-29.55
-28.55
-27.83
-27.21
-26.72
-26.28
-26.15
-26.24
-25.88
-25.43
-25.31
-25.59
-25.60
-25.51
-25.50
-25.25
-25.21
-25.09
-24.82
-24.61
-24.10
-23.88
-23.47
-23.01
-22.71
-22.32
-21.85
-21.71
-21.55
-21.44
-21.19
-21.03
-20.98
-21.06
-21.02
-20.94
-20.95
-20.88
-20.83
-20.94
-21.07
-20.89
-20.84
-20.92
-20.69
-20.50
-20.29
-20.03
-19.86
-19.94
-19.77
-19.67
-19.61
-19.56
-19.46
-19.33
-19.26
-19.26
-19.28
-19.26
-19.33
-19.45
-19.29
-19.39
-19.57
-19.51
-19.56
-19.46
-19.29
-19.21
-19.01
-18.76
-18.62
-18.33
-18.06
-17.72
-17.61
-17.39
-17.13
-16.95
-16.77
-16.54
-16.35
-16.20
-16.14
-16.11
-16.05
-15.91
-15.82
-15.79
-15.76
-15.63
-15.52
-15.35
-15.25
-15.11
-14.97
-14.78
-14.62
-14.46
-14.28
-14.12
-14.04
-13.95
-13.87
-13.79
-13.64
-13.62
-13.56
-13.46
-13.45
-13.37
-13.32
-13.22
-13.13
-13.02
-13.01
-12.87
-12.80
-12.69
-12.54
-12.42
-12.27
-12.15
-11.99
-11.84
-11.68
-11.57
-11.55
-11.39
-11.22
-11.14
-11.09
-11.04
-10.98
-10.90
-10.81
-10.73
-10.66
-10.59
-10.50
-10.44
-10.37
-10.29
-10.15
-10.10
-10.05
-9.93
-9.91
-9.79
-9.68
-9.56
-9.51
-9.45
-9.40
-9.36
-9.33
-9.28
-9.22
-9.22
-9.20
-9.20
-9.14
-9.11
-9.13
-9.10
-9.05
-8.97
-8.97
-8.97
-8.88
-8.79
-8.75
-8.70
-8.61
-8.55
-8.51
-8.41
-8.35
-8.34
-8.30
-8.23
-8.22
-8.20
-8.17
-8.14
-8.15
-8.11
-8.09
-8.08
-8.04
-8.03
-8.03
-7.94
-7.93
-7.88
-7.82
-7.77
-7.71
-7.64
-7.59
-7.52
-7.51
-7.48
-7.46
-7.43
-7.41
-7.42
-7.40
-7.41
-7.39
-7.39
-7.42
-7.38
-7.39
-7.37
-7.42
-7.34
-7.36
-7.30
-7.30
-7.25
-7.24
-7.18
-7.12
-7.08
-7.04
-7.00
-6.97
-6.96
-6.94
-6.91
-6.88
-6.87
-6.85
-6.88
-6.79
-6.82
-6.81
-6.83
-6.82
-6.79
-6.76
-6.76
-6.74
-6.69
-6.65
-6.60
-6.57
-6.51
-6.45
-6.40
-6.37
-6.32
-6.31
-6.28
-6.28
-6.22
-6.22
-6.20
-6.17
-6.16
-6.13
-6.13
-6.14
-6.12
-6.06
-6.04
-6.03
-6.01
-5.98
-5.94
-5.91
-5.84
-5.78
-5.74
-5.72
-5.68
-5.69
-5.65
-5.56
-5.57
-5.55
-5.56
-5.54
-5.53
-5.52
-5.49
-5.57
-5.49
-5.48
-5.47
-5.41
-5.38
-5.36
-5.33
-5.30
-5.23
-5.23
-5.20
-5.16
-5.08
-5.07
-5.02
-4.99
-5.00
-4.98
-4.97
-4.91
-4.90
-4.94
-4.91
-4.90
-4.87
-4.84
-4.82
-4.78
-4.79
-4.77
-4.73
-4.68
-4.69
-4.69
-4.67
-4.64
-4.51
-4.54
-4.43
-4.48
-4.44
-4.46
-4.42
-4.41
-4.41
-4.40
-4.40
-4.40
-4.40
-4.39
-4.40
-4.40
-4.39
