-1.09
-1.06
-1.07
-1.07
-1.07
-1.08
-1.09
-1.11
-1.09
-1.10
-1.11
-1.13
-1.15
-1.14
-1.16
-1.18
-1.18
-1.18
-1.19
-1.23
-1.17
-1.17
-1.17
-1.16
-1.17
-1.15
-1.17
-1.16
-1.17
-1.17
-1.18
-1.19
-1.19
-1.20
-1.22
-1.25
-1.26
-1.28
-1.28
-1.29
-1.30
-1.32
-1.35
-1.35
-1.35
-1.37
-1.36
-1.37
-1.36
-1.36
-1.38
-1.40
-1.39
-1.40
-1.42
-1.41
-1.43
-1.45
-1.47
-1.49
-1.51
-1.53
-1.52
-1.54
-1.56
-1.58
-1.58
-1.60
-1.58
-1.59
-1.60
-1.61
-1.60
-1.60
-1.60
-1.59
-1.60
-1.59
-1.60
-1.62
-1.62
-1.65
-1.65
-1.64
-1.65
-1.69
-1.67
-1.71
-1.72
-1.74
-1.75
-1.76
-1.77
-1.77
-1.77
-1.76
-1.77
-1.81
-1.82
-1.83
-1.82
-1.84
-1.87
-1.87
-1.86
-1.89
-1.91
-1.89
-1.92
-1.95
-1.97
-2.00
-2.01
-2.05
-2.05
-2.09
-2.12
-2.13
-2.15
-2.17
-2.21
-2.21
-2.22
-2.21
-2.26
-2.30
-2.29
-2.37
-2.37
-2.38
-2.40
-2.43
-2.48
-2.52
-2.57
-2.60
-2.67
-2.69
-2.75
-2.79
-2.87
-2.89
-2.96
-3.03
-3.05
-3.08
-3.09
-3.15
-3.23
-3.26
-3.31
-3.36
-3.37
-3.42
-3.47
-3.54
-3.61
-3.69
-3.71
-3.79
-3.86
-3.96
-4.05
-4.13
-4.19
-4.27
-4.36
-4.42
-4.49
-4.56
-4.59
-4.67
-4.73
-4.79
-4.85
-4.92
-4.98
-5.06
-5.16
-5.30
-5.35
-5.43
-5.53
-5.66
-5.75
-5.84
-5.96
-6.04
-6.14
-6.24
-6.34
-6.48
-6.54
-6.66
-6.74
-6.82
-6.91
-6.99
-7.07
-7.16
-7.26
-7.36
-7.53
-7.67
-7.83
-7.96
-8.12
-8.27
-8.44
-8.62
-8.75
-8.90
-9.09
-9.27
-9.48
-9.68
-9.83
-9.95
-10.04
-10.16
-10.30
-10.46
-10.62
-10.77
-10.90
-11.03
-11.16
-11.23
-11.44
-11.67
-11.87
-12.11
-12.29
-12.54
-12.69
-12.90
-13.11
-13.34
-13.46
-13.72
-13.92
-14.09
-14.21
-14.32
-14.38
-14.44
-14.50
-14.62
-14.73
-14.79
-14.80
-14.76
-14.76
-14.64
-14.54
-14.60
-14.79
-14.93
-15.07
-15.12
-15.06
-14.95
-14.93
-15.02
-15.22
-15.40
-15.36
-15.30
-15.21
-15.14
-15.06
-15.00
-14.92
-14.91
-14.84
-14.72
-14.69
-14.54
-14.32
-14.17
-14.11
-14.00
-13.96
-13.92
-13.90
-13.91
-13.84
-13.74
-13.68
-13.73
-13.80
-13.83
-13.86
-13.89
-13.83
-13.75
-13.63
-13.48
-13.42
-13.34
-13.28
-13.21
-13.15
-13.07
-12.99
-12.75
-12.65
-12.58
-12.57
-12.52
-12.49
-12.54
-12.61
-12.65
-12.66
-12.67
-12.63
-12.62
-12.59
-12.56
-12.56
-12.58
-12.57
-12.53
-12.44
-12.38
-12.25
-12.20
-12.17
-12.15
-12.14
-12.15
-12.12
-12.05
-12.00
-11.96
-11.91
-11.99
-12.07
-12.12
-12.14
-12.15
-12.24
-12.31
-12.25
-12.29
-12.30
-12.29
-12.26
-12.22
-12.23
-12.19
-12.13
-12.07
-12.08
-12.07
-12.07
-12.09
-12.15
-12.21
-12.24
-12.31
-12.41
-12.43
-12.55
-12.59
-12.70
-12.83
-12.90
-12.99
-13.06
-13.05
-13.09
-13.10
-13.13
-13.22
-13.29
-13.28
-13.27
-13.34
-13.40
-13.47
-13.51
-13.61
-13.70
-13.86
-14.06
-14.26
-14.49
-14.79
-14.96
-14.90
-14.99
-15.20
-15.25
-15.26
-15.21
-15.24
-15.34
-15.34
-15.34
-15.33
-15.37
-15.51
-15.56
-15.66
-15.86
-15.98
-16.14
-16.38
-16.61
-16.81
-17.02
-17.14
-17.24
-17.40
-17.63
-18.00
-18.16
-18.46
-18.68
-18.82
-18.93
-19.02
-19.27
-19.44
-19.55
-19.78
-20.21
-20.59
-21.12
-21.73
-22.31
-23.04
-23.78
-24.67
-25.78
-26.62
-27.93
-29.46
-32.00
-35.36
-39.43
-41.48
-39.67
-36.24
-34.34
-32.36
-30.39
-29.02
-27.82
-26.92
-26.09
-24.87
-23.81
-22.95
-22.06
-21.35
-20.76
-20.33
-19.79
-19.46
-18.83
-18.50
-18.26
-18.14
-18.04
-18.01
-17.95
-17.95
-17.95
-17.91
-17.93
-17.93
-17.96
-17.85
-17.81
-17.69
-17.93
-18.05
-18.11
-18.15
-18.15
-18.19
-18.09
-18.10
-18.10
-18.15
-18.32
-18.38
-18.51
-18.70
-18.95
-19.16
-19.42
-19.72
-19.82
-20.13
-20.26
-20.37
-20.31
-20.30
-20.36
-20.36
-20.25
-20.20
-20.13
-19.81
-19.87
-19.75
-19.62
-19.40
-19.25
-19.20
-19.24
-19.36
-19.44
-19.42
-19.46
-19.40
-19.41
-19.33
-19.16
-19.23
-19.24
-19.18
-19.06
-19.01
-18.78
-18.65
-18.42
-18.29
-18.10
-17.92
-17.64
-17.47
-17.32
-17.20
-17.08
-16.88
-16.61
-16.54
-16.46
-16.38
-16.20
-16.28
-16.18
-16.15
-16.09
-15.98
-15.83
-15.65
-15.56
-15.40
-15.23
-15.07
-14.84
-14.61
-14.41
-14.19
-13.96
-13.73
-13.50
-13.32
-13.20
-13.01
-12.83
-12.72
-12.63
-12.54
-12.49
-12.42
-12.32
-12.28
-12.19
-12.11
-11.94
-11.82
-11.70
-11.59
-11.51
-11.42
-11.30
-11.18
-11.06
-10.87
-10.81
-10.72
-10.63
-10.56
-10.49
-10.39
-10.40
-10.31
-10.28
-10.21
-10.17
-10.15
-10.14
-10.08
-10.02
-9.93
-9.86
-9.76
-9.66
-9.56
-9.47
-9.39
-9.33
-9.22
-9.10
-9.03
-8.96
-8.88
-8.80
-8.77
-8.71
-8.67
-8.64
-8.62
-8.61
-8.53
-8.47
-8.44
-8.39
-8.37
-8.38
-8.36
-8.34
-8.27
-8.17
-8.12
-8.11
-8.06
-8.01
-8.00
-7.98
-7.96
-7.93
-7.91
-7.86
-7.87
-7.87
-7.86
-7.84
-7.86
-7.90
-7.90
-7.87
-7.89
-7.89
-7.85
-7.85
-7.82
-7.79
-7.73
-7.68
-7.66
-7.60
-7.54
-7.48
-7.45
-7.42
-7.38
-7.33
-7.29
-7.28
-7.27
-7.32
-7.25
-7.22
-7.29
-7.26
-7.26
-7.27
-7.21
-7.19
-7.25
-7.17
-7.15
-7.13
-7.12
-7.07
-7.03
-7.00
-6.96
-6.93
-6.91
-6.91
-6.90
-6.92
-6.92
-6.93
-6.95
-6.97
-6.95
-7.02
-7.02
-7.04
-7.03
-7.03
-6.98
-6.98
-6.97
-6.96
-6.90
-6.86
-6.81
-6.76
-6.72
-6.70
-6.63
-6.63
-6.55
-6.57
-6.50
-6.50
-6.45
-6.49
-6.50
-6.44
-6.40
-6.38
-6.45
-6.39
-6.34
-6.33
-6.35
-6.34
-6.31
-6.28
-6.25
-6.18
-6.13
-6.10
-6.13
-6.09
-6.07
-6.04
-6.02
-5.96
-5.97
-5.97
-5.95
-5.94
-5.92
-5.96
-5.95
-5.94
-5.92
-5.91
-5.86
-5.82
-5.80
-5.76
-5.75
-5.67
-5.68
-5.62
-5.60
-5.48
-5.50
-5.43
-5.39
-5.38
-5.39
-5.38
-5.32
-5.31
-5.30
-5.29
-5.28
-5.26
-5.22
-5.19
-5.17
-5.15
-5.14
-5.11
-5.08
-5.04
-5.01
-4.99
-4.99
-4.85
-4.87
-4.81
-4.80
-4.79
-4.79
-4.75
-4.76
-4.73
-4.73
-4.73
-4.72
-4.73
-4.74
-4.72
-4.72
-4.70
