-0.96
-0.93
-0.92
-0.93
-0.93
-0.92
-0.93
-0.93
-0.92
-0.94
-0.95
-0.95
-0.96
-0.97
-0.97
-0.98
-0.97
-0.98
-0.97
-1.02
-0.97
-0.95
-0.93
-0.93
-0.92
-0.90
-0.90
-0.91
-0.90
-0.89
-0.89
-0.89
-0.89
-0.90
-0.90
-0.92
-0.94
-0.93
-0.94
-0.95
-0.96
-0.97
-0.98
-0.98
-0.99
-0.99
-0.97
-0.98
-0.96
-0.97
-0.97
-0.98
-0.97
-0.99
-0.99
-0.97
-0.99
-0.99
-1.02
-1.03
-1.03
-1.04
-1.06
-1.10
-1.09
-1.11
-1.09
-1.11
-1.11
-1.11
-1.10
-1.12
-1.13
-1.13
-1.12
-1.14
-1.13
-1.13
-1.15
-1.16
-1.18
-1.18
-1.20
-1.18
-1.21
-1.21
-1.25
-1.25
-1.27
-1.28
-1.29
-1.32
-1.34
-1.35
-1.34
-1.35
-1.37
-1.37
-1.38
-1.41
-1.41
-1.42
-1.44
-1.45
-1.46
-1.48
-1.50
-1.52
-1.55
-1.55
-1.60
-1.61
-1.63
-1.65
-1.67
-1.70
-1.70
-1.74
-1.79
-1.81
-1.83
-1.86
-1.85
-1.85
-1.92
-1.95
-1.93
-1.97
-2.02
-2.04
-2.08
-2.10
-2.13
-2.17
-2.20
-2.25
-2.29
-2.35
-2.38
-2.44
-2.49
-2.52
-2.56
-2.61
-2.66
-2.68
-2.72
-2.77
-2.83
-2.88
-2.91
-2.97
-2.97
-3.03
-3.07
-3.15
-3.20
-3.26
-3.33
-3.37
-3.46
-3.54
-3.61
-3.67
-3.75
-3.84
-3.91
-3.97
-4.02
-4.06
-4.13
-4.19
-4.26
-4.32
-4.38
-4.44
-4.49
-4.58
-4.65
-4.79
-4.83
-4.90
-4.98
-5.10
-5.19
-5.30
-5.38
-5.50
-5.61
-5.68
-5.73
-5.85
-5.93
-6.00
-6.12
-6.20
-6.27
-6.33
-6.39
-6.46
-6.53
-6.66
-6.77
-6.91
-7.03
-7.13
-7.27
-7.39
-7.54
-7.64
-7.74
-7.89
-8.00
-8.17
-8.31
-8.42
-8.52
-8.63
-8.72
-8.79
-8.86
-8.95
-9.04
-9.16
-9.29
-9.41
-9.47
-9.59
-9.74
-9.83
-9.93
-10.06
-10.18
-10.29
-10.48
-10.59
-10.69
-10.76
-10.88
-11.04
-11.21
-11.37
-11.49
-11.57
-11.64
-11.69
-11.73
-11.78
-11.84
-11.87
-11.98
-11.99
-11.98
-11.95
-11.93
-12.03
-11.98
-12.14
-12.29
-12.42
-12.41
-12.48
-12.53
-12.59
-12.64
-12.74
-12.77
-12.78
-12.81
-12.85
-12.91
-12.89
-12.81
-12.75
-12.69
-12.61
-12.59
-12.54
-12.50
-12.39
-12.30
-12.34
-12.26
-12.25
-12.24
-12.26
-12.27
-12.36
-12.42
-12.45
-12.48
-12.50
-12.53
-12.55
-12.54
-12.50
-12.42
-12.34
-12.21
-12.10
-12.01
-11.95
-11.86
-11.84
-11.77
-11.69
-11.60
-11.59
-11.61
-11.62
-11.67
-11.71
-11.75
-11.76
-11.78
-11.80
-11.79
-11.82
-11.81
-11.77
-11.74
-11.72
-11.67
-11.60
-11.53
-11.53
-11.42
-11.32
-11.31
-11.32
-11.33
-11.39
-11.39
-11.32
-11.30
-11.35
-11.44
-11.54
-11.56
-11.60
-11.71
-11.80
-11.83
-11.82
-11.77
-11.84
-11.86
-11.88
-11.81
-11.73
-11.69
-11.68
-11.65
-11.62
-11.66
-11.69
-11.75
-11.80
-11.88
-11.98
-12.05
-12.10
-12.21
-12.30
-12.40
-12.48
-12.49
-12.57
-12.55
-12.64
-12.65
-12.71
-12.68
-12.66
-12.66
-12.68
-12.72
-12.78
-12.82
-12.93
-12.99
-13.03
-13.12
-13.13
-13.25
-13.41
-13.56
-13.69
-13.83
-13.99
-14.18
-14.23
-14.27
-14.36
-14.44
-14.43
-14.33
-14.27
-14.34
-14.37
-14.45
-14.44
-14.49
-14.57
-14.64
-14.66
-14.79
-14.89
-14.98
-15.16
-15.27
-15.38
-15.66
-15.72
-15.83
-15.92
-16.02
-16.10
-16.13
-16.16
-16.29
-16.28
-16.30
-16.36
-16.48
-16.56
-16.61
-16.74
-16.77
-16.95
-17.13
-17.36
-17.59
-17.88
-18.29
-18.65
-19.00
-19.31
-19.45
-19.64
-19.97
-20.46
-20.83
-21.13
-21.32
-21.77
-21.93
-22.24
-22.55
-23.16
-23.85
-24.44
-24.65
-25.72
-26.82
-27.83
-29.36
-30.97
-32.59
-33.47
-34.84
-34.35
-33.81
-32.82
-32.20
-31.75
-31.69
-31.31
-31.04
-31.06
-31.69
-31.12
-30.50
-30.02
-29.67
-29.30
-29.26
-28.98
-28.83
-28.73
-28.20
-27.75
-27.01
-26.16
-25.53
-24.62
-24.34
-23.86
-23.23
-22.69
-22.35
-22.27
-22.20
-22.07
-22.07
-21.96
-22.11
-22.45
-22.43
-22.76
-22.67
-22.92
-22.82
-22.90
-23.05
-22.96
-22.49
-22.40
-22.40
-22.33
-22.15
-21.98
-21.82
-21.76
-21.64
-21.48
-21.50
-21.59
-21.65
-21.66
-21.52
-21.40
-21.72
-21.62
-21.66
-21.29
-21.18
-21.11
-20.84
-20.49
-20.23
-19.87
-19.55
-19.14
-18.92
-18.62
-18.37
-18.19
-17.88
-17.68
-17.40
-17.18
-17.09
-16.86
-16.86
-16.90
-16.85
-16.76
-16.58
-16.49
-16.36
-16.23
-16.13
-15.99
-15.77
-15.69
-15.45
-15.27
-15.04
-14.84
-14.65
-14.55
-14.39
-14.36
-14.30
-14.15
-14.07
-13.97
-13.89
-13.78
-13.70
-13.58
-13.48
-13.44
-13.41
-13.39
-13.23
-13.12
-13.02
-12.89
-12.78
-12.67
-12.63
-12.51
-12.41
-12.23
-12.17
-12.08
-11.96
-11.89
-11.87
-11.88
-11.82
-11.75
-11.70
-11.65
-11.57
-11.56
-11.54
-11.52
-11.47
-11.41
-11.34
-11.28
-11.18
-11.12
-11.03
-10.96
-10.85
-10.76
-10.64
-10.55
-10.52
-10.44
-10.34
-10.29
-10.21
-10.14
-10.10
-10.05
-10.06
-9.98
-9.92
-9.86
-9.76
-9.70
-9.65
-9.63
-9.59
-9.53
-9.38
-9.37
-9.28
-9.19
-9.09
-9.01
-9.00
-8.92
-8.90
-8.85
-8.76
-8.76
-8.75
-8.72
-8.69
-8.65
-8.67
-8.64
-8.61
-8.58
-8.59
-8.53
-8.48
-8.50
-8.46
-8.39
-8.37
-8.28
-8.23
-8.14
-8.07
-8.00
-7.97
-7.90
-7.84
-7.78
-7.76
-7.71
-7.67
-7.61
-7.61
-7.58
-7.59
-7.59
-7.53
-7.48
-7.42
-7.45
-7.37
-7.32
-7.30
-7.25
-7.17
-7.10
-7.06
-6.99
-6.94
-6.90
-6.86
-6.85
-6.80
-6.82
-6.82
-6.77
-6.75
-6.81
-6.77
-6.79
-6.76
-6.73
-6.73
-6.67
-6.68
-6.64
-6.63
-6.59
-6.55
-6.50
-6.45
-6.40
-6.35
-6.33
-6.27
-6.24
-6.18
-6.15
-6.16
-6.15
-6.16
-6.10
-6.07
-6.04
-6.00
-6.03
-6.00
-5.92
-5.92
-5.88
-5.86
-5.83
-5.78
-5.74
-5.68
-5.61
-5.58
-5.60
-5.54
-5.53
-5.50
-5.45
-5.43
-5.43
-5.40
-5.38
-5.44
-5.39
-5.42
-5.34
-5.35
-5.33
-5.32
-5.27
-5.24
-5.22
-5.19
-5.18
-5.08
-5.07
-5.03
-5.01
-4.89
-4.87
-4.85
-4.82
-4.82
-4.78
-4.76
-4.71
-4.69
-4.70
-4.68
-4.66
-4.64
-4.61
-4.58
-4.54
-4.55
-4.53
-4.46
-4.45
-4.41
-4.38
-4.39
-4.36
-4.25
-4.24
-4.16
-4.14
-4.13
-4.10
-4.10
-4.09
-4.07
-4.06
-4.05
-4.04
-4.03
-4.01
-4.04
-4.01
-3.99
