4
4.0029998
4.006
4.0089998
4.0120001
4.0149999
4.0180001
4.0209999
4.0240002
4.027
4.0300002
4.033
4.0359998
4.039
4.0419998
4.0450001
4.0479999
4.0510001
4.0539999
4.0570002
4.0599999
4.0630002
4.066
4.0689998
4.072
4.0749998
4.0780001
4.0809999
4.0840001
4.0869999
4.0900002
4.0929999
4.0960002
4.099
4.1020002
4.105
4.1079998
4.1110001
4.1139998
4.1170001
4.1199999
4.1230001
4.1259999
4.1290002
4.132
4.1350002
4.138
4.1409998
4.1440001
4.1469998
4.1500001
4.1529999
4.1560001
4.1589999
4.1620002
4.165
4.1680002
4.171
4.1739998
4.177
4.1799998
4.1830001
4.1859999
4.1890001
4.1919999
4.1950002
4.198
4.2010002
4.204
4.2069998
4.21
4.2129998
4.2160001
4.2189999
4.2220001
4.2249999
4.2280002
4.2309999
4.2340002
4.237
4.2399998
4.243
4.2459998
4.2490001
4.2519999
4.2550001
4.2579999
4.2610002
4.2639999
4.2670002
4.27
4.2729998
4.276
4.2789998
4.2820001
4.2849998
4.2880001
4.2909999
4.2940001
4.2969999
4.3000002
4.303
4.3060002
4.309
4.3119998
4.3150001
4.3179998
4.3210001
4.3239999
4.3270001
4.3299999
4.3330002
4.336
4.3390002
4.342
4.3449998
4.348
4.3509998
4.3540001
4.3569999
4.3600001
4.3629999
4.3660002
4.369
4.3720002
4.375
4.3779998
4.381
4.3839998
4.3870001
4.3899999
4.3930001
4.3959999
4.3990002
4.402
4.4050002
4.408
4.4109998
4.414
4.4169998
4.4200001
4.4229999
4.4260001
4.4289999
4.4320002
4.4349999
4.4380002
4.441
4.4439998
4.447
4.4499998
4.4530001
4.4559999
4.4590001
4.4619999
4.4650002
4.4679999
4.4710002
4.474
4.4770002
4.48
4.4829998
4.4860001
4.4889998
4.4920001
4.4949999
4.4980001
4.5009999
4.5040002
4.507
4.5100002
4.513
4.5159998
4.5190001
4.5219998
4.5250001
4.5279999
4.5310001
4.5339999
4.5370002
4.54
4.5430002
4.546
4.5489998
4.552
4.5549998
4.5580001
4.5609999
4.5640001
4.5669999
4.5700002
4.573
4.5760002
4.579
4.5819998
4.585
4.5879998
4.5910001
4.5939999
4.5970001
4.5999999
4.6030002
4.6059999
4.6090002
4.612
4.6149998
4.618
4.6209998
4.6240001
4.6269999
4.6300001
4.6329999
4.6360002
4.6389999
4.6420002
4.645
4.6479998
4.651
4.6539998
4.6570001
4.6599998
4.6630001
4.6659999
4.6690001
4.6719999
4.6750002
4.678
4.6810002
4.684
4.6869998
4.6900001
4.6929998
4.6960001
4.6989999
4.7020001
4.7049999
4.7080002
4.711
4.7140002
4.717
4.7199998
4.723
4.7259998
4.7290001
4.7319999
4.7350001
4.7379999
4.7410002
4.744
4.7470002
4.75
4.7529998
4.756
4.7589998
4.7620001
4.7649999
4.7680001
4.7709999
4.7740002
4.777
4.7800002
4.783
4.7859998
4.789
4.7919998
4.7950001
4.7979999
4.8010001
4.8039999
4.8070002
4.8099999
4.8130002
4.816
4.8189998
4.822
4.8249998
4.8280001
4.8309999
4.8340001
4.8369999
4.8400002
4.8429999
4.8460002
4.849
4.8520002
4.855
4.8579998
4.8610001
4.8639998
4.8670001
4.8699999
4.8730001
4.8759999
4.8790002
4.882
4.8850002
4.888
4.8909998
4.8940001
4.8969998
4.9000001
4.9029999
4.9060001
4.9089999
4.9120002
4.915
4.9180002
4.921
4.9239998
4.927
4.9299998
4.9330001
4.9359999
4.9390001
4.9419999
4.9450002
4.948
4.9510002
4.954
4.9569998
4.96
4.9629998
4.9660001
4.9689999
4.9720001
4.9749999
4.9780002
4.9809999
4.9840002
4.987
4.9899998
4.993
4.9959998
4.9990001
5.0019999
5.0050001
5.0079999
5.0110002
5.0139999
5.0170002
5.02
5.0229998
5.026
5.0289998
5.0320001
5.0349998
5.0380001
5.0409999
5.0440001
5.0469999
5.0500002
5.053
5.0560002
5.059
5.0619998
5.0650001
5.0679998
5.0710001
5.0739999
5.0770001
5.0799999
5.0830002
5.086
5.0890002
5.092
5.0949998
5.098
5.1009998
5.1040001
5.1069999
5.1100001
5.1129999
5.1160002
5.119
5.1220002
5.125
5.1279998
5.131
5.1339998
5.1370001
5.1399999
5.1430001
5.1459999
5.1490002
5.152
5.1550002
5.158
5.1609998
5.164
5.1669998
5.1700001
5.1729999
5.1760001
5.1789999
5.1820002
5.1849999
5.1880002
5.191
5.1939998
5.197
5.1999998
5.2030001
5.2059999
5.2090001
5.2119999
5.2150002
5.2179999
5.2210002
5.224
5.2270002
5.23
5.2329998
5.2360001
5.2389998
5.2420001
5.2449999
5.2480001
5.2509999
5.2540002
5.257
5.2600002
5.263
5.2659998
5.2690001
5.2719998
5.2750001
5.2779999
5.2810001
5.2839999
5.2870002
5.29
5.2930002
5.296
5.2989998
5.302
5.3049998
5.3080001
5.3109999
5.3140001
5.3169999
5.3200002
5.323
5.3260002
5.329
5.3319998
5.335
5.3379998
5.3410001
5.3439999
5.3470001
5.3499999
5.3530002
5.3559999
5.3590002
5.362
5.3649998
5.368
5.3709998
5.3740001
5.3769999
5.3800001
5.3829999
5.3860002
5.3889999
5.3920002
5.395
5.3979998
5.401
5.4039998
5.4070001
5.4099998
5.4130001
5.4159999
5.4190001
5.4219999
5.4250002
5.428
5.4310002
5.434
5.4369998
5.4400001
5.4429998
5.4460001
5.4489999
5.4520001
5.4549999
5.4580002
5.461
5.4640002
5.467
5.4699998
5.473
5.4759998
5.4790001
5.4819999
5.4850001
5.4879999
5.4910002
5.494
5.4970002
5.5
5.5029998
5.506
5.5089998
5.5120001
5.5149999
5.5180001
5.5209999
5.5240002
5.527
5.5300002
5.533
5.5359998
5.539
5.5419998
5.5450001
5.5479999
5.5510001
5.5539999
5.5570002
5.5599999
5.5630002
5.566
5.5689998
5.572
5.5749998
5.5780001
5.5809999
5.5840001
5.5869999
5.5900002
5.5929999
5.5960002
5.599
5.6020002
5.605
5.6079998
5.6110001
5.6139998
5.6170001
5.6199999
5.6230001
5.6259999
5.6290002
5.632
5.6350002
5.638
5.6409998
5.6440001
5.6469998
5.6500001
5.6529999
5.6560001
5.6589999
5.6620002
5.665
5.6680002
5.671
5.6739998
5.677
5.6799998
5.6830001
5.6859999
5.6890001
5.6919999
5.6950002
5.698
5.7010002
5.704
5.7069998
5.71
5.7129998
5.7160001
5.7189999
5.7220001
5.7249999
5.7280002
5.7309999
5.7340002
5.737
5.7399998
5.743
5.7459998
5.7490001
5.7519999
5.7550001
5.7579999
5.7610002
5.7639999
5.7670002
5.77
5.7729998
5.776
5.7789998
5.7820001
5.7849998
5.7880001
5.7909999
5.7940001
5.7969999
5.8000002
5.803
5.8060002
5.809
5.8119998
5.8150001
5.8179998
5.8210001
5.8239999
5.8270001
5.8299999
5.8330002
5.836
5.8390002
5.842
5.8449998
5.848
5.8509998
5.8540001
5.8569999
5.8600001
5.8629999
5.8660002
5.869
5.8720002
5.875
5.8779998
5.881
5.8839998
5.8870001
5.8899999
5.8930001
5.8959999
5.8990002
5.902
5.9050002
5.908
5.9109998
5.914
5.9169998
5.9200001
5.9229999
5.9260001
5.9289999
5.9320002
5.9349999
5.9380002
5.941
5.9439998
5.947
5.9499998
5.9530001
5.9559999
5.9590001
5.9619999
5.9650002
5.9679999
5.9710002
5.974
5.9770002
5.98
5.9829998
5.9860001
5.9889998
5.9920001
5.9949999
5.9980001
6.0009999
6.0040002
6.007
6.0100002
6.013
6.0159998
6.0190001
6.0219998
6.0250001
6.0279999
6.0310001
6.0339999
6.0370002
6.04
6.0430002
6.046
6.0489998
6.052
6.0549998
6.0580001
6.0609999
6.0640001
6.0669999
6.0700002
6.073
6.0760002
6.079
6.0819998
6.085
6.0879998
6.0910001
6.0939999
6.0970001
6.0999999
6.1030002
6.1059999
6.1090002
6.112
6.1149998
6.118
6.1209998
6.1240001
6.1269999
6.1300001
6.1329999
6.1360002
6.1389999
6.1420002
6.145
6.1479998
6.151
6.1539998
6.1570001
6.1599998
6.1630001
6.1659999
6.1690001
6.1719999
6.1750002
6.178
6.1810002
6.184
6.1869998
6.1900001
6.1929998
6.1960001
6.1989999
6.2020001
6.2049999
6.2080002
6.211
6.2140002
6.217
6.2199998
6.223
6.2259998
6.2290001
6.2319999
6.2350001
6.2379999
6.2410002
6.244
6.2470002
6.25
6.2529998
6.256
6.2589998
6.2620001
6.2649999
6.2680001
6.2709999
6.2740002
6.277
6.2800002
6.283
6.2859998
6.289
6.2919998
6.2950001
6.2979999
6.3010001
6.3039999
6.3070002
6.3099999
6.3130002
6.316
6.3189998
6.322
6.3249998
6.3280001
6.3309999
6.3340001
6.3369999
6.3400002
6.3429999
6.3460002
6.349
6.3520002
6.355
6.3579998
6.3610001
6.3639998
6.3670001
6.3699999
6.3730001
6.3759999
6.3790002
6.382
6.3850002
6.388
6.3909998
6.3940001
6.3969998
6.4000001
6.4029999
6.4060001
6.4089999
6.4120002
6.415
6.4180002
6.421
6.4239998
6.427
6.4299998
6.4330001
6.4359999
6.4390001
6.4419999
6.4450002
6.448
6.4510002
6.454
6.4569998
6.46
6.4629998
6.4660001
6.4689999
6.4720001
6.4749999
6.4780002
6.4809999
6.4840002
6.487
6.4899998
6.493
6.4959998
6.4990001
6.5019999
6.5050001
6.5079999
6.5110002
6.5139999
6.5170002
6.52
6.5229998
6.526
6.5289998
6.5320001
6.5349998
6.5380001
6.5409999
6.5440001
6.5469999
6.5500002
6.553
6.5560002
6.559
6.5619998
6.5650001
6.5679998
6.5710001
6.5739999
6.5770001
6.5799999
6.5830002
6.586
6.5890002
6.592
6.5949998
6.598
6.6009998
6.6040001
6.6069999
6.6100001
6.6129999
6.6160002
6.619
6.6220002
6.625
6.6279998
6.631
6.6339998
6.6370001
6.6399999
6.6430001
6.6459999
6.6490002
6.652
6.6550002
6.658
6.6609998
6.664
6.6669998
6.6700001
6.6729999
6.6760001
6.6789999
6.6820002
6.6849999
6.6880002
6.691
6.6939998
6.697
6.6999998
6.7030001
6.7059999
6.7090001
6.7119999
6.7150002
6.7179999
6.7210002
6.724
6.7270002
6.73
6.7329998
6.7360001
6.7389998
6.7420001
6.7449999
6.7480001
6.7509999
6.7540002
6.757
6.7600002
6.763
6.7659998
6.7690001
6.7719998
6.7750001
6.7779999
6.7810001
6.7839999
6.7870002
6.79
6.7930002
6.796
6.7989998
6.802
6.8049998
6.8080001
6.8109999
6.8140001
6.8169999
6.8200002
6.823
6.8260002
6.829
6.8319998
6.835
6.8379998
6.8410001
6.8439999
6.8470001
6.8499999
6.8530002
6.8559999
6.8590002
6.862
6.8649998
6.868
6.8709998
6.8740001
6.8769999
6.8800001
6.8829999
6.8860002
6.8889999
6.8920002
6.895
6.8979998
6.901
6.9039998
6.9070001
6.9099998
6.9130001
6.9159999
6.9190001
6.9219999
6.9250002
6.928
6.9310002
6.934
6.9369998
6.9400001
6.9429998
6.9460001
6.9489999
6.9520001
6.9549999
6.9580002
6.961
6.9640002
6.967
6.9699998
6.973
6.9759998
6.9790001
6.9819999
6.9850001
6.9879999
6.9910002
6.994
6.9970002
7
