4.00
4.00
4.01
4.01
4.02
4.02
4.02
4.03
4.03
4.03
4.04
4.04
4.05
4.05
4.05
4.06
4.06
4.06
4.07
4.07
4.08
4.08
4.08
4.09
4.09
4.09
4.10
4.10
4.11
4.11
4.11
4.12
4.12
4.12
4.13
4.13
4.14
4.14
4.14
4.15
4.15
4.15
4.16
4.16
4.17
4.17
4.17
4.18
4.18
4.18
4.19
4.19
4.20
4.20
4.20
4.21
4.21
4.21
4.22
4.22
4.23
4.23
4.23
4.24
4.24
4.24
4.25
4.25
4.26
4.26
4.26
4.27
4.27
4.27
4.28
4.28
4.29
4.29
4.29
4.30
4.30
4.30
4.31
4.31
4.32
4.32
4.32
4.33
4.33
4.33
4.34
4.34
4.35
4.35
4.35
4.36
4.36
4.36
4.37
4.37
4.38
4.38
4.38
4.39
4.39
4.39
4.40
4.40
4.41
4.41
4.41
4.42
4.42
4.42
4.43
4.43
4.44
4.44
4.44
4.45
4.45
4.45
4.46
4.46
4.47
4.47
4.47
4.48
4.48
4.48
4.49
4.49
4.50
4.50
4.50
4.51
4.51
4.51
4.52
4.52
4.53
4.53
4.53
4.54
4.54
4.54
4.55
4.55
4.56
4.56
4.56
4.57
4.57
4.57
4.58
4.58
4.59
4.59
4.59
4.60
4.60
4.60
4.61
4.61
4.62
4.62
4.62
4.63
4.63
4.63
4.64
4.64
4.65
4.65
4.65
4.66
4.66
4.66
4.67
4.67
4.68
4.68
4.68
4.69
4.69
4.69
4.70
4.70
4.71
4.71
4.71
4.72
4.72
4.72
4.73
4.73
4.74
4.74
4.74
4.75
4.75
4.75
4.76
4.76
4.77
4.77
4.77
4.78
4.78
4.78
4.79
4.79
4.80
4.80
4.80
4.81
4.81
4.81
4.82
4.82
4.83
4.83
4.83
4.84
4.84
4.84
4.85
4.85
4.86
4.86
4.86
4.87
4.87
4.87
4.88
4.88
4.89
4.89
4.89
4.90
4.90
4.90
4.91
4.91
4.92
4.92
4.92
4.93
4.93
4.93
4.94
4.94
4.95
4.95
4.95
4.96
4.96
4.96
4.97
4.97
4.98
4.98
4.98
4.99
4.99
4.99
5.00
5.00
5.01
5.01
5.01
5.02
5.02
5.02
5.03
5.03
5.04
5.04
5.04
5.05
5.05
5.05
5.06
5.06
5.07
5.07
5.07
5.08
5.08
5.08
5.09
5.09
5.10
5.10
5.10
5.11
5.11
5.11
5.12
5.12
5.13
5.13
5.13
5.14
5.14
5.14
5.15
5.15
5.16
5.16
5.16
5.17
5.17
5.17
5.18
5.18
5.19
5.19
5.19
5.20
5.20
5.20
5.21
5.21
5.22
5.22
5.22
5.23
5.23
5.23
5.24
5.24
5.25
5.25
5.25
5.26
5.26
5.26
5.27
5.27
5.28
5.28
5.28
5.29
5.29
5.29
5.30
5.30
5.31
5.31
5.31
5.32
5.32
5.32
5.33
5.33
5.34
5.34
5.34
5.35
5.35
5.35
5.36
5.36
5.37
5.37
5.37
5.38
5.38
5.38
5.39
5.39
5.40
5.40
5.40
5.41
5.41
5.41
5.42
5.42
5.43
5.43
5.43
5.44
5.44
5.44
5.45
5.45
5.46
5.46
5.46
5.47
5.47
5.47
5.48
5.48
5.49
5.49
5.49
5.50
5.50
5.50
5.51
5.51
5.52
5.52
5.52
5.53
5.53
5.53
5.54
5.54
5.55
5.55
5.55
5.56
5.56
5.56
5.57
5.57
5.58
5.58
5.58
5.59
5.59
5.59
5.60
5.60
5.61
5.61
5.61
5.62
5.62
5.62
5.63
5.63
5.64
5.64
5.64
5.65
5.65
5.65
5.66
5.66
5.67
5.67
5.67
5.68
5.68
5.68
5.69
5.69
5.70
5.70
5.70
5.71
5.71
5.71
5.72
5.72
5.73
5.73
5.73
5.74
5.74
5.74
5.75
5.75
5.76
5.76
5.76
5.77
5.77
5.77
5.78
5.78
5.79
5.79
5.79
5.80
5.80
5.80
5.81
5.81
5.82
5.82
5.82
5.83
5.83
5.83
5.84
5.84
5.85
5.85
5.85
5.86
5.86
5.86
5.87
5.87
5.88
5.88
5.88
5.89
5.89
5.89
5.90
5.90
5.91
5.91
5.91
5.92
5.92
5.92
5.93
5.93
5.94
5.94
5.94
5.95
5.95
5.95
5.96
5.96
5.97
5.97
5.97
5.98
5.98
5.98
5.99
5.99
6.00
6.00
6.00
6.01
6.01
6.01
6.02
6.02
6.03
6.03
6.03
6.04
6.04
6.04
6.05
6.05
6.06
6.06
6.06
6.07
6.07
6.07
6.08
6.08
6.09
6.09
6.09
6.10
6.10
6.10
6.11
6.11
6.12
6.12
6.12
6.13
6.13
6.13
6.14
6.14
6.15
6.15
6.15
6.16
6.16
6.16
6.17
6.17
6.18
6.18
6.18
6.19
6.19
6.19
6.20
6.20
6.21
6.21
6.21
6.22
6.22
6.22
6.23
6.23
6.24
6.24
6.24
6.25
6.25
6.25
6.26
6.26
6.27
6.27
6.27
6.28
6.28
6.28
6.29
6.29
6.30
6.30
6.30
6.31
6.31
6.31
6.32
6.32
6.33
6.33
6.33
6.34
6.34
6.34
6.35
6.35
6.36
6.36
6.36
6.37
6.37
6.37
6.38
6.38
6.39
6.39
6.39
6.40
6.40
6.40
6.41
6.41
6.42
6.42
6.42
6.43
6.43
6.43
6.44
6.44
6.45
6.45
6.45
6.46
6.46
6.46
6.47
6.47
6.48
6.48
6.48
6.49
6.49
6.49
6.50
6.50
6.51
6.51
6.51
6.52
6.52
6.52
6.53
6.53
6.54
6.54
6.54
6.55
6.55
6.55
6.56
6.56
6.57
6.57
6.57
6.58
6.58
6.58
6.59
6.59
6.60
6.60
6.60
6.61
6.61
6.61
6.62
6.62
6.63
6.63
6.63
6.64
6.64
6.64
6.65
6.65
6.66
6.66
6.66
6.67
6.67
6.67
6.68
6.68
6.69
6.69
6.69
6.70
6.70
6.70
6.71
6.71
6.72
6.72
6.72
6.73
6.73
6.73
6.74
6.74
6.75
6.75
6.75
6.76
6.76
6.76
6.77
6.77
6.78
6.78
6.78
6.79
6.79
6.79
6.80
6.80
6.81
6.81
6.81
6.82
6.82
6.82
6.83
6.83
6.84
6.84
6.84
6.85
6.85
6.85
6.86
6.86
6.87
6.87
6.87
6.88
6.88
6.88
6.89
6.89
6.90
6.90
6.90
6.91
6.91
6.91
6.92
6.92
6.93
6.93
6.93
6.94
6.94
6.94
6.95
6.95
6.96
6.96
6.96
6.97
6.97
6.97
6.98
6.98
6.99
6.99
6.99
7.00
7.00
