-1.5585047
-1.5608047
-1.5634782
-1.5665224
-1.5699344
-1.5737079
-1.5778392
-1.5823192
-1.5871426
-1.5923013
-1.5977866
-1.6035891
-1.6096980
-1.6161052
-1.6227959
-1.6297616
-1.6369877
-1.6444623
-1.6521728
-1.6601045
-1.6682420
-1.6765726
-1.6850801
-1.6937511
-1.7025663
-1.7115130
-1.7205738
-1.7297321
-1.7389719
-1.7482762
-1.7576286
-1.7670121
-1.7764114
-1.7858079
-1.7951862
-1.8045293
-1.8138215
-1.8230454
-1.8321876
-1.8412302
-1.8501599
-1.8589608
-1.8676185
-1.8761195
-1.8844504
-1.8925974
-1.9005484
-1.9082927
-1.9158177
-1.9231134
-1.9301694
-1.9369780
-1.9435283
-1.9498146
-1.9558286
-1.9615647
-1.9670165
-1.9721814
-1.9770531
-1.9816292
-1.9859085
-1.9898895
-1.9935705
-1.9969515
-2.0000348
-2.0028207
-2.0053134
-2.0075150
-2.0094301
-2.0110625
-2.0124193
-2.0135058
-2.0143283
-2.0148946
-2.0152141
-2.0152941
-2.0151439
-2.0147726
-2.0141919
-2.0134115
-2.0124427
-2.0112962
-2.0099851
-2.0085206
-2.0069153
-2.0051816
-2.0033310
-2.0013799
-1.9993377
-1.9972183
-1.9950360
-1.9928033
-1.9905334
-1.9882388
-1.9859342
-1.9836309
-1.9813416
-1.9790798
-1.9768577
-1.9746856
-1.9725785
-1.9705452
-1.9685983
-1.9667492
-1.9650084
-1.9633839
-1.9618894
-1.9605300
-1.9593184
-1.9582609
-1.9573675
-1.9566437
-1.9560976
-1.9557369
-1.9555672
-1.9555926
-1.9558213
-1.9562558
-1.9569005
-1.9577603
-1.9588363
-1.9601334
-1.9616514
-1.9633930
-1.9653600
-1.9675510
-1.9699680
-1.9726088
-1.9754723
-1.9785584
-1.9818630
-1.9853857
-1.9891212
-1.9930676
-1.9972204
-2.0015742
-2.0061254
-2.0108690
-2.0157971
-2.0209056
-2.0261868
-2.0316336
-2.0372395
-2.0429961
-2.0488956
-2.0549295
-2.0610903
-2.0673682
-2.0737536
-2.0802383
-2.0868125
-2.0934663
-2.1001901
-2.1069728
-2.1138054
-2.1206785
-2.1275797
-2.1345011
-2.1414313
-2.1483595
-2.1552759
-2.1621704
-2.1690336
-2.1758552
-2.1826258
-2.1893352
-2.1959738
-2.2025341
-2.2090055
-2.2153808
-2.2216508
-2.2278090
-2.2338462
-2.2397563
-2.2455320
-2.2511688
-2.2566579
-2.2619973
-2.2671798
-2.2722015
-2.2770600
-2.2817497
-2.2862697
-2.2906188
-2.2947928
-2.2987919
-2.3026164
-2.3062655
-2.3097412
-2.3130448
-2.3161780
-2.3191432
-2.3219447
-2.3245857
-2.3270707
-2.3294059
-2.3315950
-2.3336476
-2.3355677
-2.3373637
-2.3390445
-2.3406172
-2.3420918
-2.3434783
-2.3447868
-2.3460259
-2.3472092
-2.3483468
-2.3494512
-2.3505339
-2.3516078
-2.3526863
-2.3537830
-2.3549109
-2.3560845
-2.3573169
-2.3586235
-2.3600191
-2.3615185
-2.3631362
-2.3648868
-2.3667867
-2.3688520
-2.3710961
-2.3735368
-2.3761873
-2.3790652
-2.3821861
-2.3855652
-2.3892177
-2.3931588
-2.3974068
-2.4019745
-2.4068778
-2.4121326
-2.4177532
-2.4237557
-2.4301547
-2.4369640
-2.4442005
-2.4518761
-2.4600061
-2.4686051
-2.4776859
-2.4872622
-2.4973482
-2.5079577
-2.5191021
-2.5307944
-2.5430486
-2.5558756
-2.5692877
-2.5832967
-2.5979143
-2.6131526
-2.6290205
-2.6455297
-2.6626913
-2.6805147
-2.6990116
-2.7181890
-2.7380591
-2.7586278
-2.7799067
-2.8019036
-2.8246255
-2.8480829
-2.8722814
-2.8972303
-2.9229343
-2.9494023
-2.9766401
-3.0046550
-3.0334531
-3.0630388
-3.0934184
-3.1245975
-3.1565800
-3.1893723
-3.2229775
-3.2574006
-3.2926448
-3.3287127
-3.3656098
-3.4033379
-3.4418995
-3.4812965
-3.5215328
-3.5626083
-3.6045264
-3.6472860
-3.6908889
-3.7353375
-3.7806300
-3.8267665
-3.8737473
-3.9215706
-3.9702368
-4.0197431
-4.0700897
-4.1212729
-4.1732900
-4.2261401
-4.2798193
-4.3343222
-4.3896470
-4.4457878
-4.5027420
-4.5605025
-4.6190647
-4.6784219
-4.7385691
-4.7994980
-4.8612016
-4.9236728
-4.9869024
-5.0508830
-5.1156030
-5.1810542
-5.2472262
-5.3141084
-5.3816881
-5.4499534
-5.5188933
-5.5884944
-5.6587407
-5.7296198
-5.8011156
-5.8732131
-5.9458953
-6.0191444
-6.0929434
-6.1672742
-6.2421171
-6.3174512
-6.3932562
-6.4695109
-6.5461917
-6.6232766
-6.7007406
-6.7785584
-6.8567056
-6.9351537
-7.0138774
-7.0928453
-7.1720302
-7.2514015
-7.3309256
-7.4105729
-7.4903092
-7.5701004
-7.6499112
-7.7297053
-7.8094460
-7.8890951
-7.9686140
-8.0479619
-8.1270990
-8.2059825
-8.2845715
-8.3628201
-8.4406838
-8.5181187
-8.5950793
-8.6715161
-8.7473839
-8.8226316
-8.8972117
-8.9710744
-9.0441700
-9.1164466
-9.1878528
-9.2583375
-9.3278485
-9.3963343
-9.4637406
-9.5300169
-9.5951091
-9.6589662
-9.7215349
-9.7827636
-9.8426015
-9.9009970
-9.9578984
-10.0132580
-10.0670260
-10.1191550
-10.1695970
-10.2183080
-10.2652410
-10.3103560
-10.3536090
-10.3949620
-10.4343760
-10.4718160
-10.5072460
-10.5406340
-10.5719500
-10.6011670
-10.6282600
-10.6532040
-10.6759790
-10.6965680
-10.7149550
-10.7311260
-10.7450720
-10.7567850
-10.7662600
-10.7734950
-10.7784910
-10.7812490
-10.7817800
-10.7800870
-10.7761860
-10.7700870
-10.7618090
-10.7513690
-10.7387900
-10.7240960
-10.7073100
-10.6884610
-10.6675820
-10.6447010
-10.6198540
-10.5930760
-10.5644050
-10.5338780
-10.5015370
-10.4674240
-10.4315800
-10.3940490
-10.3548770
-10.3141100
-10.2717930
-10.2279750
-10.1827010
-10.1360210
-10.0879840
-10.0386360
-9.9880294
-9.9362110
-9.8832295
-9.8291342
-9.7739752
-9.7177984
-9.6606530
-9.6025874
-9.5436473
-9.4838805
-9.4233328
-9.3620498
-9.3000764
-9.2374567
-9.1742331
-9.1104515
-9.0461499
-8.9813721
-8.9161569
-8.8505442
-8.7845728
-8.7182810
-8.6517030
-8.5848756
-8.5178353
-8.4506144
-8.3832455
-8.3157626
-8.2481950
-8.1805737
-8.1129263
-8.0452847
-7.9776725
-7.9101186
-7.8426476
-7.7752847
-7.7080532
-7.6409765
-7.5740767
-7.5073750
-7.4408914
-7.3746462
-7.3086581
-7.2429452
-7.1775251
-7.1124134
-7.0476265
-6.9831794
-6.9190869
-6.8553618
-6.7920182
-6.7290680
-6.6665222
-6.6043934
-6.5426911
-6.4814257
-6.4206054
-6.3602409
-6.3003391
-6.2409070
-6.1819531
-6.1234831
-6.0655048
-6.0080213
-5.9510401
-5.8945644
-5.8385998
-5.7831504
-5.7282174
-5.6738065
-5.6199187
-5.5665565
-5.5137230
-5.4614193
-5.4096466
-5.3584047
-5.3076961
-5.2575203
-5.2078777
-5.1587664
-5.1101884
-5.0621410
-5.0146248
-4.9676365
-4.9211760
-4.8752406
-4.8298302
-4.7849399
-4.7405692
-4.6967157
-4.6533743
-4.6105448
-4.5682230
-4.5264042
-4.4850882
-4.4442678
-4.4039424
-4.3641055
-4.3247556
-4.2858871
-4.2474958
-4.2095776
-4.1721287
-4.1351436
-4.0986187
-4.0625493
-4.0269300
-3.9917563
-3.9570234
-3.9227265
-3.8888606
-3.8554212
-3.8224032
-3.7898002
-3.7576101
-3.7258243
-3.6944393
-3.6634522
-3.6328544
-3.6026425
-3.5728122
-3.5433568
-3.5142717
-3.4855539
-3.4571951
-3.4291929
-3.4015417
-3.3742364
-3.3472732
-3.3206458
-3.2943501
-3.2683820
-3.2427362
-3.2174094
-3.1923953
-3.1676913
-3.1432910
-3.1191923
-3.0953908
-3.0718810
-3.0486594
-3.0257230
-3.0030673
-2.9806883
-2.9585831
-2.9367481
-2.9151788
-2.8938732
-2.8728260
-2.8520360
-2.8315003
-2.8112139
-2.7911753
-2.7713813
-2.7518296
-2.7325170
-2.7134418
-2.6945994
-2.6759903
-2.6576099
-2.6394584
-2.6215315
-2.6038275
-2.5863458
-2.5690832
-2.5520382
-2.5352106
-2.5185964
-2.5021950
-2.4860063
-2.4700268
-2.4542564
-2.4386932
-2.4233364
-2.4081842
-2.3932361
-2.3784915
-2.3639479
-2.3496055
-2.3354629
-2.3215188
-2.3077735
-2.2942249
-2.2808724
-2.2677164
-2.2547548
-2.2419873
-2.2294118
-2.2170302
-2.2048401
-2.1928409
-2.1810315
-2.1694121
-2.1579807
-2.1467376
-2.1356814
-2.1248118
-2.1141277
-2.1036279
-2.0933112
-2.0831775
-2.0732257
-2.0634541
-2.0538627
-2.0444503
-2.0352156
-2.0261564
-2.0172731
-2.0085633
-2.0000258
-1.9916599
-1.9834636
-1.9754353
-1.9675748
-1.9598784
-1.9523457
-1.9449755
-1.9377656
-1.9307135
-1.9238179
-1.9170766
-1.9104875
-1.9040493
-1.8977591
-1.8916154
-1.8856155
-1.8797573
-1.8740386
-1.8684568
-1.8630095
-1.8576937
-1.8525083
-1.8474489
-1.8425141
-1.8377015
-1.8330074
-1.8284294
-1.8239656
-1.8196118
-1.8153656
-1.8112246
-1.8071860
-1.8032466
-1.7994025
-1.7956526
-1.7919935
-1.7884219
-1.7849342
-1.7815289
-1.7782021
-1.7749517
-1.7717736
-1.7686668
-1.7656267
-1.7626508
-1.7597370
-1.7568821
-1.7540840
-1.7513393
-1.7486458
-1.7460005
-1.7434024
-1.7408464
-1.7383325
-1.7358574
-1.7334196
-1.7310154
-1.7286447
-1.7263035
-1.7239917
-1.7217067
-1.7194471
-1.7172102
-1.7149958
-1.7128008
-1.7106255
-1.7084680
-1.7063271
-1.7042023
-1.7020920
-1.6999952
-1.6979120
-1.6958411
-1.6937820
-1.6917349
-1.6896983
-1.6876735
-1.6856599
-1.6836569
-1.6816650
-1.6796846
-1.6777158
-1.6757587
-1.6738146
-1.6718839
-1.6699666
-1.6680644
-1.6661774
-1.6643067
-1.6624544
-1.6606204
-1.6588062
-1.6570131
-1.6552424
-1.6534954
-1.6517741
-1.6500794
-1.6484127
-1.6467758
-1.6451701
-1.6435975
-1.6420600
-1.6405589
-1.6390954
-1.6376728
-1.6362914
-1.6349524
-1.6336592
-1.6324125
-1.6312139
-1.6300659
-1.6289696
-1.6279262
-1.6269385
-1.6260067
-1.6251331
-1.6243191
-1.6235652
-1.6228738
-1.6222462
-1.6216828
-1.6211852
-1.6207539
-1.6203913
-1.6200964
-1.6198715
-1.6197164
-1.6196323
-1.6196189
-1.6196779
-1.6198085
-1.6200111
-1.6202856
-1.6206322
-1.6210519
-1.6215427
-1.6221050
-1.6227376
-1.6234409
-1.6242141
-1.6250561
-1.6259666
-1.6269432
-1.6279854
-1.6290922
-1.6302618
-1.6314930
-1.6327834
-1.6341326
-1.6355373
-1.6369970
-1.6385080
-1.6400701
-1.6416806
-1.6433359
-1.6450349
-1.6467745
-1.6485517
-1.6503654
-1.6522118
-1.6540878
-1.6559916
-1.6579204
-1.6598704
-1.6618389
-1.6638237
-1.6658208
-1.6678282
-1.6698419
-1.6718594
-1.6738780
-1.6758940
-1.6779056
-1.6799075
-1.6818993
-1.6838776
-1.6858379
-1.6877796
-1.6896987
-1.6915925
-1.6934589
-1.6952950
-1.6970989
-1.6988680
-1.7005998
-1.7022928
-1.7039443
-1.7055529
-1.7071167
-1.7086340
-1.7101036
-1.7115242
-1.7128933
-1.7142125
-1.7154777
-1.7166916
-1.7178508
-1.7189556
-1.7200060
-1.7210028
-1.7219446
-1.7228322
-1.7236669
-1.7244483
-1.7251769
-1.7258533
-1.7264804
-1.7270588
-1.7275880
-1.7280727
-1.7285134
-1.7289107
-1.7292684
-1.7295878
-1.7298720
-1.7301215
-1.7303412
-1.7305336
-1.7307009
-1.7308460
-1.7309721
-1.7310830
-1.7311817
-1.7312706
-1.7313539
-1.7314358
-1.7315199
-1.7316080
-1.7317049
-1.7318156
-1.7319419
-1.7320892
-1.7322587
-1.7324575
-1.7326865
-1.7329517
-1.7332549
-1.7336007
-1.7339934
-1.7344348
-1.7349295
-1.7354804
-1.7360907
-1.7367646
-1.7375039
-1.7383132
-1.7391930
-1.7401474
-1.7411801
-1.7422909
-1.7434841
-1.7447608
-1.7461237
-1.7475734
-1.7491123
-1.7507422
-1.7524621
-1.7542756
-1.7561815
-1.7581818
-1.7602749
-1.7624636
-1.7647448
-1.7671203
-1.7695875
-1.7721474
-1.7747992
-1.7775390
-1.7803676
-1.7832828
-1.7862810
-1.7893621
-1.7925225
-1.7957597
-1.7990709
-1.8024525
-1.8059013
-1.8094133
-1.8129859
-1.8166129
-1.8202931
-1.8240188
-1.8277881
-1.8315952
-1.8354348
-1.8393022
-1.8431932
-1.8470996
-1.8510188
-1.8549443
-1.8588699
-1.8627900
-1.8666995
-1.8705919
-1.8744606
-1.8783010
-1.8821068
-1.8858715
-1.8895899
-1.8932556
-1.8968628
-1.9004052
-1.9038778
-1.9072750
-1.9105911
-1.9138210
-1.9169590
-1.9200006
-1.9229411
-1.9257752
-1.9284988
-1.9311086
-1.9335994
-1.9359675
-1.9382100
-1.9403245
-1.9423073
-1.9441555
-1.9458690
-1.9474442
-1.9488800
-1.9501759
-1.9513300
-1.9523437
-1.9532155
-1.9539468
-1.9545376
-1.9549898
-1.9553046
-1.9554849
-1.9555316
-1.9554494
-1.9552399
-1.9549078
-1.9544555
-1.9538885
-1.9532122
-1.9524305
-1.9515503
-1.9505750
-1.9495134
-1.9483700
-1.9471530
-1.9458679
-1.9445227
-1.9431263
-1.9416849
-1.9402077
-1.9387019
-1.9371764
-1.9356403
-1.9341020

